4.18311
-9.76453
-9.33187
-8.78145
-8.93275
2.61425
8.04148
-8.22012
-3.40125
-4.44288
-8.72734
2.79616
-4.14693
-3.00631
4.58619
8.77918
4.16032
7.11566
-9.45313
8.89335
2.60711
1.34431
4.11118
-4.92754
-4.46676
3.29250
-1.01522
-4.27799
9.53987
-6.60840
7.47779
5.56410
3.93565
-5.98971
4.78402
-7.09586
6.53963
-4.65468
-3.73487
4.86899
5.18489
7.08065
-8.14362
6.92966
5.63907
-1.84048
-7.05516
-8.25907
-1.21983
-9.85542
-5.09875
7.46511
-5.44939
-2.32814
-9.03394
-8.00578
2.58298
-1.45197
-9.25723
5.10816
7.00820
9.55036
6.51387
8.47512
9.07487
-5.05063
8.55877
7.89232
6.64074
4.95885
3.11044
-3.87739
-2.24537
-4.44732
-7.35777
4.73381
5.88350
1.56039
-4.50529
8.71059
5.29282
3.68751
8.68103
-5.84399
5.39407
-4.92252
4.49971
7.51763
-9.27587
-9.16236
1.75553
2.22130
2.63556
-4.41193
5.09229
7.85107
3.50431
-3.27044
-5.23276
9.99917
-3.01800
-8.03110
-7.78810
-2.79425
-6.59202
-2.13599
-6.07573
5.18531
-7.90208
-6.45303
-8.00013
-9.68249
6.20816
6.18217
-4.56989
-1.68397
1.91711
-8.65264
-8.16604
4.12483
-6.95369
5.55365
1.11387
-8.40098
4.90171
6.72027
7.36578
2.58523
6.54321
5.18386
-3.90074
-8.47658
3.51035
3.19477
6.12865
4.02757
-8.65858
5.38795
8.18049
3.51693
-6.00212
1.77052
-5.39720
7.21548
-5.03357
-1.83748
-4.63961
3.75585
5.25934
4.82953
4.16629
3.43825
-3.07484
-3.83993
2.72387
3.48850
-9.82460
3.66622
-2.61497
-7.37217
-3.46880
-5.98023
6.74083
-1.92329
6.16658
5.30843
-2.65927
3.27231
-2.02678
-4.60637
-6.19319
2.36554
-1.76663
2.06606
-6.45686
7.98124
5.05463
3.67618
-3.74842
-6.48668
-9.52831
6.62964
-6.94385
-3.15879
2.40879
5.05453
-3.62133
3.59294
7.32689
-1.64062
-9.31520
-4.82625
6.82871
-8.43968
1.53674
6.35540
4.95238
7.19810
9.48409
-4.93983
9.00481
-6.43342
-1.82194
9.99615
-6.18622
5.23451
-9.24466
9.97251
6.71306
9.72150
4.13165
-3.88952
8.71960
4.70481
3.59396
-8.32209
5.09343
-3.27159
9.73166
-8.78420
6.91894
-4.71923
5.66595
-6.62868
-2.83202
9.34905
8.92762
-2.09283
7.38805
5.95755
-1.83888
-5.15303
-6.82939
5.48538
5.57985
4.73941
-9.82220
-5.11108
-4.45227
8.77624
7.95408
4.05888
8.38495
7.53446
8.78735
5.84723
3.99196
5.09810
-8.82642
-6.14618
8.70412
1.39283
7.34705
-4.47471
-5.45796
2.13622
8.82730
1.89741
-1.13813
-4.68981
1.67345
4.04705
6.84853
8.67107
9.58726
-8.85145
-6.55714
6.68045
-9.97683
-4.90574
-7.84333
4.99311
-9.13082
-3.91937
3.64031
-4.87618
-5.78050
-2.52985
6.48543
-6.57739
-5.47901
3.08970
-5.13613
9.09018
-9.11088
1.66476
9.88887
6.75045
7.21282
-8.60774
9.99436
1.95988
6.14730
9.93423
1.19746
-3.47032
9.19555
8.49555
-7.98167
6.46358
-2.97104
-6.58802
-6.65423
3.78040
1.30028
-7.59124
9.18665
-7.72733
2.80715
5.77767
8.47425
9.22644
9.70646
7.71903
8.23809
-9.66604
-7.78736
8.74127
9.70543
1.81273
-1.12527
5.09307
6.26104
-1.97511
5.24329
-9.23730
6.82887
9.18449
-6.84316
-2.25799
3.73928
-2.04508
-8.98533
4.49781
7.03438
-6.28606
-8.96872
8.50324
9.45148
1.29445
2.95543
9.55500
1.89419
5.90019
1.54495
-2.70828
9.54110
-1.82506
-6.77534
1.45521
-3.19212
-8.08280
-1.61749
-6.27745
-3.95704
-8.09779
-3.49547
9.88775
-8.18662
-6.94952
2.18623
-8.10986
-6.29968
-2.56822
2.14083
-5.73477
5.28621
-5.61914
-5.06805
-9.50874
7.54519
-5.12238
1.54743
8.62569
7.17488
7.41161
-1.66142
-3.89901
1.59114
6.61886
4.42814
5.08344
-1.89261
-8.67513
-4.87063
4.72432
-4.58857
3.81294
6.98597
9.58233
-1.60420
-1.83907
7.70130
-8.30592
6.27819
7.03012
4.18238
-8.81283
9.71559
-4.16482
2.39257
-3.01820
4.15103
2.03397
6.16690
-8.60640
6.48095
1.26058
7.32429
9.29384
-1.05495
6.09689
-1.62627
-1.82582
4.38575
4.06806
3.80474
-7.99152
-8.95008
-2.41669
7.06572
4.98802
5.37096
-4.72765
-7.79449
-4.10656
3.54922
5.74241
1.40876
-9.86001
1.06918
-9.50792
7.87745
-3.95310
5.47647
2.58125
-5.79324
5.50236
-1.64868
4.92598
9.29046
6.18183
7.38549
3.60564
1.18771
2.54686
8.48823
-1.79317
3.18985
5.71566
8.83472
-2.99415
-1.68741
-5.77544
9.15330
-4.15990
-3.12642
-3.30371
-6.42159
2.59432
5.17558
7.13020
8.77822
-2.35862
5.22029
-8.16697
-4.16748
3.79367
1.33847
-8.48527
-6.80200
6.53508
-5.16440
-5.04760
3.89374
-5.51231
5.05471
-9.84147
-5.54094
1.35228
-9.91887
4.27508
4.48675
-7.11008
8.10304
-1.59321
6.02167
-3.55732
-4.00026
9.25072
9.70927
-2.16056
3.78624
6.79144
-8.31866
6.81422
-5.57640
-4.26338
9.56052
9.52901
-2.72805
2.39451
-8.59986
-5.56921
-6.95736
-6.37522
-2.46022
-7.49065
-4.69773
9.72630
7.77152
-3.10603
3.78521
-9.13577
4.31057
5.15512
8.00312
-9.69641
-8.21133
-8.85702
6.77061
-5.99087
-7.40261
-3.56557
-3.45512
-8.47942
-9.51772
8.35033
9.37425
1.47931
-3.12200
-4.37421
-3.86816
8.55259
-8.12243
1.34473
-7.26465
7.82957
-5.03741
-9.15272
-3.30332
5.93924
2.00068
-3.13876
1.42975
6.75057
1.56526
-6.37065
-6.68759
7.46690
4.86315
3.16508
-2.68583
5.71136
-1.60911
4.51408
1.39181
9.82935
7.72585
8.09668
-3.17013
7.94351
2.20069
-5.91412
8.47345
9.82737
-6.68562
1.56790
-1.33285
-1.39426
8.97211
9.40034
9.90210
-3.27982
-3.57500
8.79218
3.45895
4.93256
7.68977
-4.05133
5.46583
4.30612
8.21033
-1.71034
5.90927
1.92338
6.94827
5.01324
2.49980
-4.16392
7.54133
6.53366
-3.47100
1.67537
-4.26980
-9.57510
8.63802
-1.31319
3.12396
-4.25936
6.44585
9.53941
-4.99545
6.16530
4.58231
-3.24650
-1.23322
5.49140
-9.22188
3.35599
-7.33634
9.96729
7.24583
-2.80161
8.67544
2.55391
9.97536
-7.01056
5.94997
-9.02199
-7.40628
-8.14327
-2.09226
-8.12859
-8.11336
4.24807
-5.20665
-6.50754
1.59173
9.99636
5.73126
-8.41005
2.12794
6.78105
5.19250
-2.15501
-7.91003
-4.89356
-8.48252
-3.73712
-3.90395
4.11421
8.61340
2.76672
2.12653
-6.52985
-5.52316
-6.32628
2.54081
-8.58277
-8.42713
1.73101
6.86017
-6.56298
5.48234
6.77717
5.34650
-3.67690
-7.19752
4.95645
5.17998
6.45994
8.75337
7.60780
-9.77837
-7.84598
3.87204
2.10270
-3.23127
1.45545
8.77747
-3.23443
8.32130
-2.70851
5.48439
5.48884
-5.47633
9.50710
-9.70018
-6.25010
1.45486
6.37767
-3.57174
8.62455
2.20541
7.54757
4.29344
-1.46042
4.26271
1.66179
7.87964
-8.42780
-2.15797
4.54513
6.02049
-7.79469
6.42217
-5.50070
1.35023
8.23569
-2.34047
3.95169
2.46252
6.34352
7.37866
-5.27403
-4.31522
9.81908
-8.17079
6.37219
-9.70364
7.49260
2.53461
-2.32998
-1.28413
2.71706
-3.82323
-4.71664
4.69340
-8.85536
-7.35198
6.04798
5.72929
9.61017
9.20912
5.91646
-6.49069
9.61604
-6.02278
9.47337
-7.94057
7.21216
3.85337
6.04439
3.59010
9.06184
-8.36540
3.61407
-9.59782
4.11727
6.90375
2.92588
9.39722
-2.23546
-3.18212
-6.74150
1.90178
-7.45622
-7.13073
-1.04663
4.66217
-5.29704
7.80320
-3.89051
-9.17143
-6.87069
-5.81637
-9.21907
-4.76096
-9.40530
9.97455
-8.09165
9.42948
-8.89069
-3.68553
9.35609
3.56105
-9.00334
8.65954
-3.45553
3.97616
-6.83457
1.12676
-8.11691
2.57945
8.44291
-1.78064
-2.66303
-5.29709
1.06147
3.11969
9.58631
-6.24215
3.35398
-7.23492
7.01008
3.76126
7.17466
7.21261
-4.30790
-2.97216
5.30364
7.72961
4.74261
-7.81615
-7.85674
5.72956
-1.70292
-1.55582
-6.15432
2.48083
-2.04616
7.45226
1.81847
8.27823
2.18750
-5.11119
6.02917
7.50952
-3.29011
-7.71224
1.40761
-7.30346
-9.41125
9.87524
1.28561
-2.61983
7.89245
4.37015
5.03683
-4.38081
6.88181
2.06770
-5.75958
-8.51339
9.80642
7.06150
-5.78740
3.22761
-2.39609
-9.43669
1.28996
-6.53431
-3.16600
-1.90807
-5.01797
-3.20261
-4.62039
-5.85784
2.26122
3.10745
6.19727
-3.13214
-9.87126
4.72204
-1.54862
6.63394
-6.00266
9.75061
8.07224
7.26678
2.34296
2.65491
-3.16871
-3.70663
-8.25199
6.06147
-6.01558
4.49577
-2.83003
9.30003
-1.83218
1.46383
-7.06305
-8.86258
-8.24186
5.31455
-3.72869
-2.90627
-9.65870
7.72191
-9.22997
-4.56969
5.96871
4.42596
3.77580
5.61535
5.19404
7.85466
9.22897
-3.81630
-6.06272
-7.67127
3.34697
-3.65673
3.96879
-6.12811
5.49371
3.31594
9.69857
5.14746
2.52339
-2.65643
-5.71550
-9.50669
7.87905
-2.23742
-1.61171
1.08227
4.35881
-6.93356
1.05951
1.10666
5.82164
1.15428
-8.25551
-1.96315
-5.71947
2.72739
8.33693
-8.15443
4.35746
-5.13098
-9.91210
-3.69977
-6.88362
1.84150
4.39453
-1.50503
-7.32561
5.49873
6.80417
-6.09271
-9.05312
3.06790
-3.43986
7.15986
-9.09380
2.61419
-1.14092
6.28332
9.35987
-2.46205
6.10026
7.09331
-4.45462
-8.11448
5.50714
1.48327
-3.08930
4.06533
9.72028
1.26663
8.05193
5.41543
5.97734
4.88663
1.77125
-8.18250
-1.73834
-4.42000
7.65690
-4.24630
1.04676
5.00262
-1.92008
2.68653
6.01287
-1.92964
-4.18523
6.37232
-8.77346
3.62663
-8.01252
-6.14764
-7.16784
2.24956
-3.41566
1.56940
3.48366
-5.35808
-4.25012
7.48810
-6.34426
-5.12075
3.74192
3.98995
8.23669
4.96201
-8.33928
-3.70392
-5.31109
9.68117
3.62303
-9.70987
3.93298
8.34845
-4.28514
-6.33004
-7.13541
9.57704
-9.48677
4.94609
-8.48154
8.37069
-7.05680
-6.70002
-3.27414
7.43713
1.66569

ELEMENTOS ORDENADOS

 
-9.97682
-9.91887
-9.9121
-9.87126
-9.86001
-9.85542
-9.84147
-9.8246
-9.8222
-9.77837
-9.76453
-9.70987
-9.70364
-9.70018
-9.69641
-9.68249
-9.66604
-9.6587
-9.59782
-9.5751
-9.52831
-9.51772
-9.50874
-9.50792
-9.50669
-9.48676
-9.45313
-9.43669
-9.41125
-9.4053
-9.33187
-9.3152
-9.27587
-9.25723
-9.24466
-9.2373
-9.22997
-9.22188
-9.21907
-9.17142
-9.16236
-9.15272
-9.13577
-9.13082
-9.11088
-9.09379
-9.05311
-9.03394
-9.02199
-9.00334
-8.98532
-8.96872
-8.95008
-8.93275
-8.89069
-8.86258
-8.85702
-8.85536
-8.85145
-8.82642
-8.81283
-8.7842
-8.78145
-8.77346
-8.72734
-8.67513
-8.65858
-8.65264
-8.60774
-8.60639
-8.59986
-8.58277
-8.51338
-8.48526
-8.48252
-8.48154
-8.47942
-8.47657
-8.43968
-8.4278
-8.42713
-8.41005
-8.40098
-8.3654
-8.33928
-8.32209
-8.31866
-8.30591
-8.25907
-8.25551
-8.25199
-8.24186
-8.22012
-8.21133
-8.18662
-8.1825
-8.17079
-8.16697
-8.16604
-8.15443
-8.14361
-8.14326
-8.12858
-8.12243
-8.11691
-8.11448
-8.11336
-8.10986
-8.09779
-8.09165
-8.0828
-8.0311
-8.01252
-8.00578
-8.00013
-7.99152
-7.98167
-7.94057
-7.91003
-7.90208
-7.85674
-7.84598
-7.84333
-7.81615
-7.79469
-7.79449
-7.7881
-7.78736
-7.72733
-7.71224
-7.67127
-7.59124
-7.49065
-7.45622
-7.40628
-7.40261
-7.37217
-7.35777
-7.35198
-7.33634
-7.32561
-7.30346
-7.26465
-7.23492
-7.19752
-7.16784
-7.13541
-7.13073
-7.11008
-7.09586
-7.06305
-7.0568
-7.05516
-7.01056
-6.95736
-6.95369
-6.94952
-6.94385
-6.93356
-6.88362
-6.87069
-6.84316
-6.83457
-6.82939
-6.802
-6.77534
-6.7415
-6.70002
-6.68759
-6.68562
-6.65423
-6.62868
-6.6084
-6.59202
-6.58802
-6.57739
-6.56298
-6.55714
-6.53431
-6.52985
-6.50754
-6.49069
-6.48668
-6.45686
-6.45303
-6.43342
-6.42159
-6.37522
-6.37065
-6.34426
-6.33004
-6.32628
-6.29968
-6.28606
-6.27745
-6.2501
-6.24215
-6.19319
-6.18622
-6.15432
-6.14764
-6.14618
-6.12811
-6.09271
-6.07573
-6.06272
-6.02278
-6.01558
-6.00266
-6.00212
-5.99087
-5.98971
-5.98023
-5.91412
-5.85784
-5.84399
-5.81637
-5.79324
-5.7874
-5.7805
-5.77544
-5.75958
-5.73477
-5.71947
-5.7155
-5.61914
-5.5764
-5.56921
-5.54094
-5.52316
-5.51231
-5.5007
-5.47901
-5.47633
-5.45796
-5.44939
-5.3972
-5.35808
-5.31109
-5.29709
-5.29704
-5.27403
-5.23276
-5.20664
-5.1644
-5.15303
-5.13613
-5.13098
-5.12237
-5.12075
-5.11118
-5.11108
-5.09875
-5.06805
-5.05063
-5.04759
-5.0374
-5.03356
-5.01797
-4.99545
-4.93982
-4.92753
-4.92252
-4.90573
-4.89356
-4.87618
-4.87063
-4.82625
-4.76096
-4.72765
-4.71923
-4.71664
-4.69773
-4.6898
-4.65468
-4.6396
-4.62039
-4.60637
-4.58857
-4.56989
-4.56968
-4.50529
-4.47471
-4.46676
-4.45462
-4.45227
-4.44732
-4.44288
-4.42
-4.41193
-4.3808
-4.37421
-4.31522
-4.3079
-4.28514
-4.27799
-4.2698
-4.26338
-4.25935
-4.25012
-4.2463
-4.18522
-4.16748
-4.16482
-4.16392
-4.1599
-4.14693
-4.10656
-4.05133
-4.00026
-3.95704
-3.9531
-3.91937
-3.90395
-3.90074
-3.89901
-3.89051
-3.88952
-3.87739
-3.86816
-3.83993
-3.82323
-3.8163
-3.74842
-3.73712
-3.73487
-3.72869
-3.70663
-3.70392
-3.69977
-3.68553
-3.6769
-3.65673
-3.62133
-3.575
-3.57174
-3.56557
-3.55732
-3.49547
-3.471
-3.47032
-3.4688
-3.45553
-3.45512
-3.43986
-3.41566
-3.40125
-3.30371
-3.30332
-3.29011
-3.27982
-3.27414
-3.27159
-3.27044
-3.2465
-3.23443
-3.23127
-3.20261
-3.19212
-3.18212
-3.17013
-3.16871
-3.166
-3.15879
-3.13876
-3.13214
-3.12642
-3.122
-3.10603
-3.0893
-3.07484
-3.0182
-3.018
-3.00631
-2.99415
-2.97216
-2.97104
-2.90627
-2.83202
-2.83003
-2.80161
-2.79425
-2.72805
-2.70851
-2.70828
-2.68583
-2.66303
-2.65927
-2.65643
-2.61983
-2.61497
-2.56822
-2.52985
-2.46205
-2.46022
-2.41668
-2.39609
-2.35862
-2.34047
-2.32997
-2.32814
-2.25798
-2.24536
-2.23742
-2.23546
-2.16055
-2.15797
-2.15501
-2.13598
-2.09283
-2.09225
-2.04616
-2.04508
-2.02677
-1.97511
-1.96315
-1.92964
-1.92329
-1.92008
-1.90807
-1.89261
-1.84048
-1.83907
-1.83888
-1.83748
-1.83218
-1.82582
-1.82506
-1.82194
-1.79317
-1.78064
-1.76663
-1.73834
-1.71034
-1.70292
-1.68741
-1.68397
-1.66142
-1.64868
-1.64062
-1.62627
-1.61749
-1.61171
-1.60911
-1.6042
-1.59321
-1.55582
-1.54862
-1.50502
-1.46042
-1.45197
-1.39426
-1.33285
-1.31319
-1.28413
-1.23322
-1.21983
-1.14092
-1.13812
-1.12527
-1.05495
-1.04663
-1.01522
1.04676
1.05951
1.06147
1.06918
1.08227
1.10666
1.11387
1.12676
1.15427
1.18771
1.19745
1.26058
1.26662
1.2856
1.28996
1.29445
1.30028
1.33847
1.34431
1.34473
1.35023
1.35228
1.39181
1.39283
1.40761
1.40876
1.42975
1.45486
1.45521
1.45545
1.46383
1.47931
1.48327
1.53674
1.54495
1.54743
1.56039
1.56526
1.5679
1.5694
1.59114
1.59173
1.66179
1.66476
1.66569
1.67345
1.67537
1.73101
1.75553
1.77052
1.77125
1.81273
1.81847
1.8415
1.89419
1.8974
1.90178
1.91711
1.92338
1.95988
2.00068
2.03396
2.06606
2.06769
2.1027
2.12653
2.12794
2.13622
2.14083
2.18623
2.1875
2.20069
2.20541
2.2213
2.24955
2.26122
2.34295
2.36554
2.39257
2.39451
2.40879
2.46252
2.48083
2.4998
2.52339
2.53461
2.54081
2.54686
2.55391
2.57945
2.58125
2.58297
2.58522
2.59432
2.60711
2.61419
2.61425
2.63556
2.65491
2.68653
2.71706
2.72387
2.72739
2.76672
2.79616
2.80715
2.92588
2.95543
3.0679
3.0897
3.10745
3.11044
3.11969
3.12396
3.16508
3.18985
3.19477
3.22761
3.27231
3.2925
3.31594
3.34697
3.35398
3.35599
3.43825
3.45895
3.48366
3.4885
3.50431
3.51035
3.51693
3.54922
3.56105
3.5901
3.59294
3.59396
3.60564
3.61407
3.62303
3.62663
3.64031
3.66622
3.67618
3.68751
3.73928
3.74192
3.75585
3.76126
3.7758
3.7804
3.78521
3.78624
3.79367
3.80474
3.81294
3.85337
3.87204
3.89374
3.93298
3.93565
3.95169
3.96879
3.97616
3.98995
3.99196
4.02756
4.04705
4.05888
4.06533
4.06806
4.11117
4.11421
4.11727
4.12482
4.13165
4.15103
4.16031
4.16628
4.18238
4.18311
4.24806
4.26271
4.27508
4.29344
4.30612
4.31056
4.35746
4.35881
4.37015
4.38574
4.39452
4.42596
4.42814
4.48675
4.49577
4.49781
4.49971
4.51408
4.54512
4.58231
4.58619
4.66217
4.6934
4.70481
4.72204
4.72432
4.73381
4.73941
4.74261
4.78402
4.82952
4.86315
4.86899
4.88663
4.90171
4.92598
4.93256
4.94608
4.95238
4.95645
4.95885
4.96201
4.98802
4.99311
5.00262
5.01324
5.03683
5.05453
5.05462
5.05471
5.08343
5.09229
5.09307
5.09343
5.0981
5.10816
5.14746
5.15512
5.17558
5.17997
5.18385
5.18488
5.18531
5.1925
5.19403
5.22029
5.23451
5.24329
5.25934
5.28621
5.29282
5.30364
5.30843
5.31455
5.3465
5.37096
5.38795
5.39407
5.41543
5.46583
5.47647
5.48234
5.48439
5.48538
5.48884
5.4914
5.49371
5.49873
5.50236
5.50714
5.55365
5.5641
5.57985
5.61535
5.63907
5.66595
5.71136
5.71566
5.72929
5.72956
5.73126
5.74241
5.77767
5.82164
5.84723
5.8835
5.90019
5.90927
5.91646
5.93924
5.94997
5.95755
5.96871
5.97734
6.01287
6.02049
6.02167
6.02917
6.04439
6.04798
6.06147
6.09689
6.10026
6.12865
6.1473
6.1653
6.16658
6.1669
6.18183
6.18217
6.19727
6.20816
6.26104
6.27819
6.28332
6.34352
6.3554
6.37219
6.37232
6.37767
6.42217
6.44585
6.45994
6.46358
6.48095
6.48543
6.51387
6.53366
6.53508
6.53963
6.54321
6.61886
6.62964
6.63394
6.64074
6.68045
6.71306
6.72027
6.74083
6.75045
6.75057
6.77061
6.77717
6.78105
6.79144
6.80417
6.81422
6.82871
6.82887
6.84853
6.86017
6.88181
6.90375
6.91894
6.92966
6.94827
6.98597
7.0082
7.01008
7.03012
7.03438
7.0615
7.06572
7.08065
7.09331
7.11566
7.1302
7.15986
7.17466
7.17488
7.1981
7.21216
7.21261
7.21282
7.21548
7.24583
7.26678
7.32429
7.32689
7.34705
7.36578
7.37866
7.38549
7.38805
7.41161
7.43713
7.45226
7.46511
7.4669
7.47779
7.4881
7.4926
7.50952
7.51763
7.53446
7.54133
7.54519
7.54757
7.6078
7.6569
7.68977
7.7013
7.71903
7.72191
7.72585
7.72961
7.77152
7.8032
7.82957
7.85107
7.85466
7.87745
7.87905
7.87964
7.89232
7.89245
7.94351
7.95408
7.98124
8.00312
8.04148
8.05193
8.07224
8.09668
8.10304
8.18048
8.21033
8.23569
8.23668
8.23808
8.27823
8.32129
8.33693
8.34845
8.35033
8.37069
8.38494
8.44291
8.47345
8.47425
8.47511
8.48823
8.49555
8.50323
8.55259
8.55877
8.61339
8.62455
8.62569
8.63801
8.65954
8.67107
8.67544
8.68103
8.70411
8.71059
8.7196
8.74127
8.75337
8.77624
8.77746
8.77822
8.77917
8.78735
8.79218
8.8273
8.83471
8.89334
8.92762
8.97211
9.00481
9.06184
9.07487
9.09018
9.1533
9.18449
9.18665
9.19555
9.20912
9.22644
9.22896
9.25072
9.29045
9.29384
9.30003
9.34904
9.35608
9.35987
9.37425
9.39721
9.40034
9.42947
9.45148
9.47336
9.48409
9.5071
9.52901
9.5394
9.53987
9.54109
9.55036
9.555
9.56052
9.57704
9.58233
9.58631
9.58726
9.61017
9.61604
9.68116
9.69857
9.70543
9.70646
9.70927
9.71558
9.72028
9.7215
9.7263
9.73166
9.75061
9.80642
9.81908
9.82737
9.82934
9.87524
9.88774
9.88887
9.90209
9.93423
9.96729
9.97251
9.97455
9.97536
9.99436
9.99615
9.99636
9.99917
