2.39317
-2.95931
-6.21262
-7.73178
1.45128
-5.52565
-1.51192
-8.66208
-6.35532
-4.63398
-6.21027
6.57443
6.91636
-9.41236
7.02753
3.14817
2.17790
-5.11502
-1.08384
-1.65935
-5.55296
-9.39933
8.91343
3.56489
8.50370
-6.50510
7.01077
-9.38580
-9.45037
-3.38019
-7.68175
-3.45113
-7.45851
7.18747
5.54868
-9.14803
1.83069
-8.46413
-1.03191
6.73402
2.45424
5.96512
-6.04816
-1.67719
5.91031
-6.24259
-4.86808
-3.77433
-9.09032
-7.13860
4.18311
-9.76453
-9.33187
-8.78145
-8.93275
2.61425
8.04148
-8.22012
-3.40125
-4.44288
-8.72734
2.79616
-4.14693
-3.00631
4.58619
8.77918
4.16032
7.11566
-9.45313
8.89335
2.60711
1.34431
4.11118
-4.92754
-4.46676
3.29250
-1.01522
-4.27799
9.53987
-6.60840
7.47779
5.56410
3.93565
-5.98971
4.78402
-7.09586
6.53963
-4.65468
-3.73487
4.86899
5.18489
7.08065
-8.14362
6.92966
5.63907
-1.84048
-7.05516
-8.25907
-1.21983
-9.85542
-5.09875
7.46511
-5.44939
-2.32814
-9.03394
-8.00578
2.58298
-1.45197
-9.25723
5.10816
7.00820
9.55036
6.51387
8.47512
9.07487
-5.05063
8.55877
7.89232
6.64074
4.95885
3.11044
-3.87739
-2.24537
-4.44732
-7.35777
4.73381
5.88350
1.56039
-4.50529
8.71059
5.29282
3.68751
8.68103
-5.84399
5.39407
-4.92252
4.49971
7.51763
-9.27587
-9.16236
1.75553
2.22130
2.63556
-4.41193
5.09229
7.85107
3.50431
-3.27044
-5.23276
9.99917
-3.01800
-8.03110
-7.78810
-2.79425
-6.59202
-2.13599
-6.07573
5.18531
-7.90208
-6.45303
-8.00013
-9.68249
6.20816
6.18217
-4.56989
-1.68397
1.91711
-8.65264
-8.16604
4.12483
-6.95369
5.55365
1.11387
-8.40098
4.90171
6.72027
7.36578
2.58523
6.54321
5.18386
-3.90074
-8.47658
3.51035
3.19477
6.12865
4.02757
-8.65858
5.38795
8.18049
3.51693
-6.00212
1.77052
-5.39720
7.21548
-5.03357
-1.83748
-4.63961
3.75585
5.25934
4.82953
4.16629
3.43825
-3.07484
-3.83993
2.72387
3.48850
-9.82460
3.66622
-2.61497
-7.37217
-3.46880
-5.98023
6.74083
-1.92329
6.16658
5.30843
-2.65927
3.27231
-2.02678
-4.60637
-6.19319
2.36554
-1.76663
2.06606
-6.45686
7.98124
5.05463
3.67618
-3.74842
-6.48668
-9.52831
6.62964
-6.94385
-3.15879
2.40879
5.05453
-3.62133
3.59294
7.32689
-1.64062
-9.31520
-4.82625
6.82871
-8.43968
1.53674
6.35540
4.95238
7.19810
9.48409
-4.93983
9.00481
-6.43342
-1.82194
9.99615
-6.18622
5.23451
-9.24466
9.97251
6.71306
9.72150
4.13165
-3.88952
8.71960
4.70481
3.59396
-8.32209
5.09343
-3.27159
9.73166
-8.78420
6.91894
-4.71923
5.66595
-6.62868
-2.83202
9.34905
8.92762
-2.09283
7.38805
5.95755
-1.83888
-5.15303
-6.82939
5.48538
5.57985
4.73941
-9.82220
-5.11108
-4.45227
8.77624
7.95408
4.05888
8.38495
7.53446
8.78735
5.84723
3.99196
5.09810
-8.82642
-6.14618
8.70412
1.39283
7.34705
-4.47471
-5.45796
2.13622
8.82730
1.89741
-1.13813
-4.68981
1.67345
4.04705
6.84853
8.67107
9.58726
-8.85145
-6.55714
6.68045
-9.97683
-4.90574
-7.84333
4.99311
-9.13082
-3.91937
3.64031
-4.87618
-5.78050
-2.52985
6.48543
-6.57739
-5.47901
3.08970
-5.13613
9.09018
-9.11088
1.66476
9.88887
6.75045
7.21282
-8.60774
9.99436
1.95988
6.14730
9.93423
1.19746
-3.47032
9.19555
8.49555
-7.98167
6.46358
-2.97104
-6.58802
-6.65423
3.78040
1.30028
-7.59124
9.18665
-7.72733
2.80715
5.77767
8.47425
9.22644
9.70646
7.71903
8.23809
-9.66604
-7.78736
8.74127
9.70543
1.81273
-1.12527
5.09307
6.26104
-1.97511
5.24329
-9.23730
6.82887
9.18449
-6.84316
-2.25799
3.73928
-2.04508
-8.98533
4.49781
7.03438
-6.28606
-8.96872
8.50324
9.45148
1.29445
2.95543
9.55500
1.89419
5.90019
1.54495
-2.70828
9.54110
-1.82506
-6.77534
1.45521
-3.19212
-8.08280
-1.61749
-6.27745
-3.95704
-8.09779
-3.49547
9.88775
-8.18662
-6.94952
2.18623
-8.10986
-6.29968
-2.56822
2.14083
-5.73477
5.28621
-5.61914
-5.06805
-9.50874
7.54519
-5.12238
1.54743
8.62569
7.17488
7.41161
-1.66142
-3.89901
1.59114
6.61886
4.42814
5.08344
-1.89261
-8.67513
-4.87063
4.72432
-4.58857
3.81294
6.98597
9.58233
-1.60420
-1.83907
7.70130
-8.30592
6.27819
7.03012
4.18238
-8.81283
9.71559
-4.16482
2.39257
-3.01820
4.15103
2.03397
6.16690
-8.60640
6.48095
1.26058
7.32429
9.29384
-1.05495
6.09689
-1.62627
-1.82582
4.38575
4.06806
3.80474
-7.99152
-8.95008
-2.41669
7.06572
4.98802
5.37096
-4.72765
-7.79449
-4.10656
3.54922
5.74241
1.40876
-9.86001
1.06918
-9.50792
7.87745
-3.95310
5.47647
2.58125
-5.79324
5.50236
-1.64868
4.92598
9.29046
6.18183
7.38549
3.60564
1.18771
2.54686
8.48823
-1.79317
3.18985
5.71566
8.83472
-2.99415
-1.68741
-5.77544
9.15330
-4.15990
-3.12642
-3.30371
-6.42159
2.59432
5.17558
7.13020
8.77822
-2.35862
5.22029
-8.16697
-4.16748
3.79367
1.33847
-8.48527
-6.80200
6.53508
-5.16440
-5.04760
3.89374
-5.51231
5.05471
-9.84147
-5.54094
1.35228
-9.91887
4.27508
4.48675
-7.11008
8.10304
-1.59321
6.02167
-3.55732
-4.00026
9.25072
9.70927
-2.16056
3.78624
6.79144
-8.31866
6.81422
-5.57640
-4.26338
9.56052
9.52901
-2.72805
2.39451
-8.59986
-5.56921
-6.95736
-6.37522
-2.46022
-7.49065
-4.69773
9.72630
7.77152
-3.10603
3.78521
-9.13577
4.31057
5.15512
8.00312
-9.69641
-8.21133
-8.85702
6.77061
-5.99087
-7.40261
-3.56557
-3.45512
-8.47942
-9.51772
8.35033
9.37425
1.47931
-3.12200
-4.37421
-3.86816
8.55259
-8.12243
1.34473
-7.26465
7.82957
-5.03741
-9.15272
-3.30332
5.93924
2.00068
-3.13876
1.42975
6.75057
1.56526
-6.37065
-6.68759
7.46690
4.86315
3.16508
-2.68583
5.71136
-1.60911
4.51408
1.39181
9.82935
7.72585
8.09668
-3.17013
7.94351
2.20069
-5.91412
8.47345
9.82737
-6.68562
1.56790
-1.33285
-1.39426
8.97211
9.40034
9.90210
-3.27982
-3.57500
8.79218
3.45895
4.93256
7.68977
-4.05133
5.46583
4.30612
8.21033
-1.71034
5.90927
1.92338
6.94827
5.01324
2.49980
-4.16392
7.54133
6.53366
-3.47100
1.67537
-4.26980
-9.57510
8.63802
-1.31319
3.12396
-4.25936
6.44585
9.53941
-4.99545
6.16530
4.58231
-3.24650
-1.23322
5.49140
-9.22188
3.35599
-7.33634
9.96729
7.24583
-2.80161
8.67544
2.55391
9.97536
-7.01056
5.94997
-9.02199
-7.40628
-8.14327
-2.09226
-8.12859
-8.11336
4.24807
-5.20665
-6.50754
1.59173
9.99636
5.73126
-8.41005
2.12794
6.78105
5.19250
-2.15501
-7.91003
-4.89356
-8.48252
-3.73712
-3.90395
4.11421
8.61340
2.76672
2.12653
-6.52985
-5.52316
-6.32628
2.54081
-8.58277
-8.42713
1.73101
6.86017
-6.56298
5.48234
6.77717
5.34650
-3.67690
-7.19752
4.95645
5.17998
6.45994
8.75337
7.60780
-9.77837
-7.84598
3.87204
2.10270
-3.23127
1.45545
8.77747
-3.23443
8.32130
-2.70851
5.48439
5.48884
-5.47633
9.50710
-9.70018
-6.25010
1.45486
6.37767
-3.57174
8.62455
2.20541
7.54757
4.29344
-1.46042
4.26271
1.66179
7.87964
-8.42780
-2.15797
4.54513
6.02049
-7.79469
6.42217
-5.50070
1.35023
8.23569
-2.34047
3.95169
2.46252
6.34352
7.37866
-5.27403
-4.31522
9.81908
-8.17079
6.37219
-9.70364
7.49260
2.53461
-2.32998
-1.28413
2.71706
-3.82323
-4.71664
4.69340
-8.85536
-7.35198
6.04798
5.72929
9.61017
9.20912
5.91646
-6.49069
9.61604
-6.02278
9.47337
-7.94057
7.21216
3.85337
6.04439
3.59010
9.06184
-8.36540
3.61407
-9.59782
4.11727
6.90375
2.92588
9.39722
-2.23546
-3.18212
-6.74150
1.90178
-7.45622
-7.13073
-1.04663
4.66217
-5.29704
7.80320
-3.89051
-9.17143
-6.87069
-5.81637
-9.21907
-4.76096
-9.40530
9.97455
-8.09165
9.42948
-8.89069
-3.68553
9.35609
3.56105
-9.00334
8.65954
-3.45553
3.97616
-6.83457
1.12676
-8.11691
2.57945
8.44291
-1.78064
-2.66303
-5.29709
1.06147
3.11969
9.58631
-6.24215
3.35398
-7.23492
7.01008
3.76126
7.17466
7.21261
-4.30790
-2.97216
5.30364
7.72961
4.74261
-7.81615
-7.85674
5.72956
-1.70292
-1.55582
-6.15432
2.48083
-2.04616
7.45226
1.81847
8.27823
2.18750
-5.11119
6.02917
7.50952
-3.29011
-7.71224
1.40761
-7.30346
-9.41125
9.87524
1.28561
-2.61983
7.89245
4.37015
5.03683
-4.38081
6.88181
2.06770
-5.75958
-8.51339
9.80642
7.06150
-5.78740
3.22761
-2.39609
-9.43669
1.28996
-6.53431
-3.16600
-1.90807
-5.01797
-3.20261
-4.62039
-5.85784
2.26122
3.10745
6.19727
-3.13214
-9.87126
4.72204
-1.54862
6.63394
-6.00266
9.75061
8.07224
7.26678
2.34296
2.65491
-3.16871
-3.70663
-8.25199
6.06147
-6.01558
4.49577
-2.83003
9.30003
-1.83218
1.46383
-7.06305
-8.86258
-8.24186
5.31455
-3.72869
-2.90627
-9.65870
7.72191
-9.22997
-4.56969
5.96871
4.42596
3.77580
5.61535
5.19404
7.85466
9.22897
-3.81630
-6.06272
-7.67127
3.34697
-3.65673
3.96879
-6.12811
5.49371
3.31594
9.69857
5.14746
2.52339
-2.65643
-5.71550
-9.50669
7.87905
-2.23742
-1.61171
1.08227
4.35881
-6.93356
1.05951
1.10666
5.82164
1.15428
-8.25551
-1.96315
-5.71947
2.72739
8.33693
-8.15443
4.35746
-5.13098
-9.91210
-3.69977
-6.88362
1.84150
4.39453
-1.50503
-7.32561
5.49873
6.80417
-6.09271
-9.05312
3.06790
-3.43986
7.15986
-9.09380
2.61419
-1.14092
6.28332
9.35987
-2.46205
6.10026
7.09331
-4.45462
-8.11448
5.50714
1.48327
-3.08930
4.06533
9.72028
1.26663
8.05193
5.41543
5.97734
4.88663
1.77125
-8.18250
-1.73834
-4.42000
7.65690
-4.24630
1.04676
5.00262
-1.92008
2.68653
6.01287
-1.92964
-4.18523
6.37232
-8.77346
3.62663
-8.01252
-6.14764
-7.16784
2.24956
-3.41566
1.56940
3.48366
-5.35808
-4.25012
7.48810
-6.34426
-5.12075
3.74192
3.98995
8.23669
4.96201
-8.33928
-3.70392
-5.31109
9.68117
3.62303
-9.70987
3.93298
8.34845
-4.28514
-6.33004
-7.13541
9.57704
-9.48677
4.94609
-8.48154
8.37069
-7.05680
-6.70002
-3.27414
7.43713
1.66569
6.24020
5.89281
-7.31471
-1.98432
6.91841
-2.49705
6.06898
9.70130
9.69145
-1.95350
-3.32865
5.01201
-5.16757
-4.10471
5.34494
-4.74378
-2.04462
4.13496
-5.09799
5.69003
5.28546
7.49795
3.87019
-1.40215
1.20327
-6.83173
-9.36930
-5.64395
3.97891
-9.62616
-8.17980
2.67748
-4.56024
5.04618
-4.49952
-2.85206
-6.19613
-4.29214
5.11795
7.03631
5.74944
6.37274
6.28304
4.16786
6.55626
-9.26814
7.04899
2.06075
2.05254
7.24093
-4.76415
6.17325
-2.67178
5.99421
-3.59951
3.83122
6.57469
9.56658
2.22881
9.67446
4.68221
4.74067
-5.39830
-6.08858
3.62881
3.02359
2.51388
6.09085
-5.94754
6.15443
7.97602
-5.87839
7.84004
5.91718
-1.92175
-3.67938
5.04759
-8.75980
-4.95163
-7.98068
2.88890
8.74944
-2.49383
-8.06364
8.24896
-5.79053
3.91288
3.60400
-9.57158
2.22030
9.26892
-8.80343
-7.31284
3.24710
8.45634
5.40513
6.65032
-5.06793
4.62566
7.25233
5.09226
-3.94560
-8.82017
7.57839
6.71356
8.65096
2.96047
8.42363
3.41683
-4.03980
6.09528
-8.09473
1.41349
-1.14653
-4.97157
9.92654
-2.82086
8.93933
2.43080
1.84006
3.25350
-6.98058
1.46609
-7.53390
-4.86308
-7.33328
-2.92079
-2.19430
5.67500
1.08358
8.35398
7.24628
1.63745
-1.80398
1.92881
-8.92890
-4.44449
-6.77419
-1.61570
-6.49287
-4.96089
-6.65272
9.27905
-8.73966
-9.06934
7.77201
4.16382
-3.83053
-3.23008
3.23350
-8.01073
8.63103
-2.84901
7.73059
-6.81553
-5.45399
-3.16974
-5.75458
9.88194
2.18785
-4.28871
-7.86453
-1.15020
-1.12414
-1.35844
9.53812
5.55950
4.81218
-1.74185
3.49721
-1.71119
-9.76882
5.82751
-6.27793
3.79153
-7.56963
-1.52115
-9.32165
-5.08035
-3.78361
-2.07499
-7.31350
5.46772
5.70705
-2.50267
7.74799
-7.59642
-7.94287
4.01510
-3.44783
-3.36655
5.46533
-1.49895
4.30919
-7.95996
-3.05564
-1.39634
3.20096
-4.27579
-2.61065
5.97578
-3.02064
4.74631
-3.44132
-6.14382
-5.51837
-2.61410
-9.58671
8.89292
7.96175
3.94571
-1.07172
3.62436
-7.65618
5.17534
-9.98008
-7.59217
2.35510
1.21519
-6.72348
-9.55891
7.83036
8.64105
-1.93554
-4.77834
-9.75303
-7.40487
-1.39510
9.07559
7.30762
-5.12612
-6.22694
6.73494
-1.67347
-4.91485
3.13095
8.65822
7.30653
3.86252
-3.10250
-2.22501
-2.39869
5.04610
4.65861
-9.68171
5.06725
-3.38507
1.81379
-8.43748
2.93519
-2.33491
9.71560
5.62114
-3.34150
1.27974
-8.69141
-1.85253
-8.23507
-2.09308
-8.47335
2.17644
-4.35016
6.24091
-9.25686
-1.19620
2.77975
-8.28369
9.14570
2.10275
1.45574
8.39517
5.46514
-7.14892
-4.18549
3.47484
-8.95081
-6.52696
6.82551
4.70793
1.54881
4.44714
-2.79512
-6.67679
9.90463
5.31716
4.09631
-4.49543
-1.23457
1.26373
1.52732
-5.76489
-9.76582
-3.23071
-3.39874
-7.87645
6.18123
-4.19324
2.58490
8.25589
-9.22582
7.33108
-9.52803
-6.06798
8.53027
-5.87912
-5.41393
-1.50551
1.17935
-1.00615
8.25801
7.45244
-1.53600
-6.27948
7.96930
9.64503
7.34084
6.27415
-3.71589
9.78275
8.12658
-6.84262
7.36465
-3.00913
4.40546
-2.14614
9.53909
-8.65681
2.63874
-9.28934
-6.75682
-9.43019
-3.98052
3.14196
-2.51099
8.39496
5.01967
-2.88716
-4.15433
-7.48372
4.47343
9.72192
5.43774
4.16108
1.91286
-8.09857
-2.46391
-8.19275
3.65418
-3.35015
-1.66780
-8.99138
-7.58787
4.04156
7.34054
-9.48198
6.46586
-2.41393
-3.97985
4.68352
6.94538
-3.13793
4.53612
2.38231
-1.03434
3.65095
-2.79707
2.86258
9.79352
8.59392
8.06389
5.40187
1.82023
2.66393
4.32461
1.40155
-5.18552
-8.53371
-2.36018
1.77137
8.27362
-9.73635
5.98242
8.36565
9.69065
-6.15443
-5.28636
-4.55324
-5.51891
2.08254
-2.55591
-9.74948
2.13567
1.70532
-2.81727
8.50697
-3.87775
1.78325
5.96849
-5.67719
8.07896
-2.01267
-2.33380
-9.32435
8.07171
8.90104
4.44739
6.14821
1.33719
4.62677
1.34904
-7.21462
7.71175
-9.07328
4.04079
3.79854
-8.72411
-9.75247
2.20947
7.96628
3.42478
-6.44481
-2.69142
9.22090
7.66850
-8.38916
1.59055
-2.22085
-2.56364
-8.53279
-1.29764
-9.26228
3.46580
-5.54614
-7.13057
4.35220
2.59825
6.28192
4.09824
-7.74065
3.56562
-1.44686
-8.71400
7.09926
-6.86429
-8.78167
-5.26687
-6.82634
3.01393
7.41466
4.81426
8.66428
3.26799
3.71931
-6.26038
5.60362
6.05311
-3.68628
5.33565
9.89525
8.75342
6.90508
-2.69524
9.09718
-6.94477
7.49155
9.97722
9.16220
-4.49447
-6.24721
-4.08850
7.17686
9.15874
-5.56583
-8.56575
3.64406
2.15150
-7.52668
9.52231
-6.88991
4.19755
4.78425
4.34514
-5.17385
-5.23483
-5.24998
5.50430
5.76855
-1.48656
-2.23629
4.08403
-2.28902
8.01047
-3.99367
-3.82073
1.04242
-2.88444
-6.18651
-5.40619
2.16465
6.70139
4.86123
-4.44985
5.80404
9.55062
-7.81163
-1.16125
-6.64018
3.03639
-3.80883
4.45195
-2.50318
3.68382
5.10334
-4.90299
4.08460
-4.23326
2.48395
-1.17212
-7.54452
-2.90071
-6.30724
-2.10846
4.37673
-7.94125
-6.34532
-6.95773
-1.43412
4.75098
2.11236
-5.26957
-2.84945
-3.71005
6.96235
-6.60518
-4.76943
-5.60426
-3.54436
-5.47965
-8.00163
4.22130
-3.65816
-5.93325
7.19384
-3.97543
-1.11474
9.16192
-2.34230
-8.01574
-7.51207
-9.14301
5.11076
-3.37713
-1.89828
8.86726
4.24193
-4.83396
-1.85499
-1.08705
-6.97020
3.95795
9.59580
-8.90628
4.35360
2.64582
4.60225
3.44650
7.20912
-8.19909
-2.01751
-9.83412
1.93342
8.22038
2.63135
-8.01248
-8.76318
5.34772
2.01644
-4.96619
3.35452
-1.11124
9.80106
-5.67190
-4.89563
5.33737
-2.33789
-1.10480
5.55011
-8.66684
1.67379
3.88570
-9.73131
5.56236
-4.62949
1.70948
8.21135
1.79218
-5.02361
-9.82604
1.92379
-1.32249
8.43318
-9.01100
6.89136
9.55320
-8.42780
8.59886
6.04136
7.44992
-7.44322
-1.87693
1.01977
8.46895
5.92922
-7.31886
9.07189
2.26404
-1.96265
2.68789
-2.94031
-7.45109
-7.81434
-9.33964
7.94931
-5.11649
-9.67469
-5.77328
5.97904
8.54934
-9.31934
-7.22636
-7.57445
1.93199
5.53699
-4.76798
3.46236
9.73442
-8.24317
4.71471
8.58767
-7.40687
2.80800
-7.17950
-9.83202
5.53504
7.39317
6.06052
7.06819
8.89730
-8.27474
-1.22745
-1.47758
-2.79912
9.85179
-2.31786
7.21535
-2.83601
4.22814
-1.92232
7.68171
3.13836
-7.23642
9.33836
4.74910
-9.69250
1.11669
2.82779
8.46985
-7.79597
-7.98532
-3.64760
-9.85108
-2.68279
-7.61572
4.39478
3.51201
2.17060
1.05081
-7.38720
1.35947
6.37192
5.41496
1.65593
-5.72856
-5.68546
4.74338
-1.82751
8.95057
3.97960
2.96601
-9.96968
2.03250
-5.01101
9.63007
-4.43235
4.47288
1.22235
5.62878
5.38124
-9.08453
-3.88281
-9.53391
-9.74466
-6.64240
-7.03302
8.78456
-8.52099
5.83979
-6.81905
-7.72202
1.21378
-1.34098
1.48841
-6.02276
9.19888
4.49229
-4.89723
-4.50552
-5.81351
-7.80365
-7.30794
-4.21930
3.60853
6.45909
7.88747
-4.43272
-5.26589
2.22743
8.17093
-9.64121
3.68251
-9.61652
-5.98172
-2.10912
6.15447
-5.83437
3.74222
-2.90563
-2.44859
6.55196
-2.74894
-7.03880
8.66249
-6.80207
-3.61587
-3.25619
7.53030
9.56386
-2.15394
-1.90041
9.10107
5.37275
6.54708
-7.24112
6.08997
8.26930
2.51776
-3.21558
7.40979
3.49012
2.20875
8.90097
5.00822
-5.38274
-2.58193
-8.57614
-9.02167
-3.36911
-7.54683
-8.64629
8.31378
-7.92280
9.15673
5.89122
-6.88517
-4.29237
9.02294
-2.20493
-4.57107
-6.96411
-7.81485
-5.01598
-6.09722
7.62328
-9.45258
2.96937
3.08575
-4.32492
7.01727
4.49284
-8.93397
9.82531
1.92903
8.51385
-6.20768
4.38994
-4.28767
5.64997
-9.75407
5.64735
8.35513
5.38175
-8.98455
-5.51653
-4.95909
1.69379
-2.90365
-2.41622
6.94999
-8.30055
5.33365
-5.31119
6.82533
-1.20201
-2.15097
-2.21252
-9.01718
1.50321
9.30202
-6.39422
8.90658
-9.52528
5.04283
-8.80572
2.97427
-6.40755
6.60891
2.50950
-9.30117
3.06832
-2.18992
2.82114
-8.43863
-2.59680
-8.89977
-1.83871
-9.11786
9.07272
5.69840
8.87342
3.06538
8.10600
-4.15466
4.82940
-5.29427
-9.19077
3.54940
-3.32024
-7.38234
-6.20188
5.67786
6.89092
-4.67961
2.39301
3.35173
6.08203
9.92619
7.79475
5.96894
2.60848
3.28400
6.19886
-7.62204
7.73033
-8.04798
1.90251
-8.07473
-2.44664
-8.23932
5.24502
1.79327
-2.99593
6.48126
9.37616
6.52569
-7.40445
-9.51144
6.76262
1.09639
-2.75272
-6.53671
-4.23766
-9.78081
9.97135
4.17815
-4.64906
-5.65968
9.27260
7.53525
4.12728
-3.03666
5.09283
6.17416
-2.57531
6.02768
-4.05969
8.22648
8.88502
7.24773
-6.06852
7.81726
-7.13435
5.33773
-1.60799
-7.09222
8.20145
-9.59901
7.30737
-3.23432
4.59038
-1.68426
5.28900
2.96710
-2.64506
-5.49099
-3.11375
-8.85468
-3.06287
8.52701
-2.40396
-2.07891
7.08231
-6.52444
8.63210
6.58601
9.08309
5.41725
-4.58092
1.48733
-5.30488
5.52228
-8.74360
-5.11476
7.28420
-3.84086
-1.10638
-4.41485
3.92893
2.68437
3.13425
9.62674
4.29332
4.81549
7.30641
4.28570
-3.51667
-6.14269
8.32772
8.23679
-8.70678
-2.31259
-5.25688
2.58947
2.21025
8.06800
-3.25877
-4.58562
1.54033
-5.28885
5.04869
3.33792
6.04315
4.09726
-2.09114
-6.19168
9.81436
4.19598
7.97270
9.00669
6.52297
-6.68541
8.81432
4.79635
-8.64011
1.71201
3.05396
6.87712
6.44846
3.44123
8.02877
7.73106
-4.72590
-8.68791
7.54995
-9.46394
2.89514
-1.92708
9.43114
-5.93590
-7.93840
-1.93536
1.75880
-3.78434
7.63834
-6.63833
-5.74068
1.25714
8.74332
8.77817
9.77483
-5.93691
-9.72588
6.31748
6.67943
5.71114
9.18031
-5.85701
4.97674
-4.70983
-3.73216
-5.70985
4.09496
5.81589
9.52262
3.69649
-8.18168
8.17091
2.69714
-4.55277
7.43444
-8.45584
3.36682
6.62791
3.56209
-4.71613
2.64166
1.99321
6.55956
7.30425
-2.69010
-2.36934
-2.67344
-3.53903
-7.43676
-3.09529
-1.13252
4.07722
8.07153
9.98167
-7.27241
-3.97224
1.50435
1.64246
2.63443
-8.35526
-2.09765
4.46318
-3.22446
-2.79262
-5.69025
5.25543
-9.42594
-6.66248
-7.70252
3.27981
-2.78851
-8.77292
-9.75947
6.69618
1.13561
6.26227
-8.10229
9.71951
-7.19566
-4.34259
3.23850
1.82261
-9.37764
-1.53798
-7.31195
-2.13245
3.85066
8.24973
-7.59870
7.20325
7.51959
9.08797
7.35963
5.88461
-2.70798
5.89258
7.59162
-8.80896
-1.61989
5.04446
5.87445
1.00648
-7.60292
6.57761
-7.98415
-3.88625
6.92460
2.70883
-7.89161
6.51735
4.68824
-1.99418
-1.39400
-2.60775
2.81871
-2.72455
6.13911
6.92129
-1.44177
-6.45358
-1.11777
-6.90174
-5.21253
4.24833
-8.39824
8.41279
-5.76119
-8.51011
-9.50143
-1.91103
-5.78495
-2.73808
-6.13025
6.02581
7.71498
7.07043
-8.94542
8.13215
-5.54224
5.80510
9.40168
5.95073
8.60369
7.87766
8.43539
-6.47572
4.37557
4.24008
5.02750
-1.00176
-9.84661
5.65848
-1.05912
2.93341
1.19531
-9.27201
1.84858
-4.20090
-3.38489
3.09695
1.82715
-6.12158
7.60839
-8.13614
-5.39449
6.35708
1.33634
-1.70630
9.29684
4.13137
-4.74870
-8.82808
-7.72911
6.70498
-1.48715
-3.87385
-3.94148
2.37878
-9.73936
2.99877
-8.07731
-2.18970
-5.28269
5.93337
1.76571
-7.96443
7.85830
6.03367
-4.55787
-6.05051
3.18084
7.99095
-7.16264
2.01277
4.81187
2.71441
-6.34489
-7.92713
9.88887
6.60864
-1.40390
2.79717
-2.40392
-2.01135
-3.18743
8.81877
-1.12360
3.74606
-1.20473
-7.66012
2.83421
-5.93920
-7.25564
-4.38946
-3.29911
3.55612
-1.47777
1.59938
6.96683
-8.77854
3.63246
3.08052
-5.57686
9.13485
-8.80095
2.67776
-6.04619
1.35777
4.00213
-7.69952
4.12102
4.19840
3.12584
8.30704
-8.90810
9.49723
3.03024
-9.07458
1.79016
-5.68646
-4.75600
4.83818
9.18762
-5.04252
-2.86082
-6.22928
8.76329
-7.19679
-4.87058
-6.90609
-3.85747
-2.65722
7.54372
8.92119
9.65077
4.98704
-2.36761
-1.96094
1.23578
-6.45044
-6.36725
7.18640
1.71528
2.20678
7.40817
2.65579
-5.42301
-2.47408
-1.29007
9.32892
-3.00299
-7.81999
2.59370
8.80416
7.19076
8.98828
-4.64380
6.47137
7.48181
-6.50354
5.68584
-5.11210
-8.90002
5.66832
-9.85448
-6.01931
2.70865
4.58236
7.96309
5.15212
-3.64978
-7.20958
5.17221
-1.81397
-2.61794
4.53760
-5.05797
-5.08313
-8.94294
-3.25074
-7.46537
1.82072
-6.70665
5.71436
-7.54186
4.40811
-1.39515
-9.21028
-2.45912
-2.60980
4.77624
7.57146
-3.59902
-2.05799
-9.64390
6.60304
1.10987
-8.69870
6.47186
3.14091
5.08365
-1.71464
3.20242
-6.57789
-1.44027
1.49558
-1.33049
7.00297
-3.98000
1.44128
-9.94362
-7.04881
9.69664
-9.38332
7.91661
4.31712
8.38238
-8.58979
-3.63549
2.09821
3.96288
-5.72182
-6.50848
-6.14230
5.35297
4.84348
3.33694
9.34395
5.67735
-5.43254
-8.95297
-7.37728
-1.01423
-5.18397
-7.63722
8.19608
4.72637
-4.14685
-1.10168
7.21015
8.11176
3.70256
-7.90329
7.17252
-4.56444
-8.48838
3.97463
9.30052
-9.24547
6.81087
2.39848
9.02852
5.16223
-9.35011
8.51595
6.08448
-5.99659
2.87436
8.19582
-1.59592
-3.52414
4.05237
-6.63860
6.13883
-2.68641
8.78134
7.34740
7.38856
4.72483
8.89344
5.06716
2.94526
2.57511
-8.06450
9.22018
5.55395
-9.14460
2.71191
7.59197
-7.97980
-7.92533
-8.39925
-2.84668
-5.13432
-1.03699
-7.18347
-3.99961
1.92793
1.20232
-6.74966
-3.88792
3.57911
-7.95508
-3.45389
-3.46273
-9.62468
2.85920
5.94429
2.27401
-6.16675
1.64119
-5.86519
2.17067
-9.12963
-1.95334
1.77508
2.61085
6.54684
-3.99099
-7.41609
9.76314
-6.11010
8.31566
1.87537
7.16030
-5.23491
2.29350
9.21575
2.65018
8.09901
-5.07955
-1.58829
4.16297
8.61190
-7.91147
5.57155
-8.35798
-3.93283
8.13188
4.60735
-3.14718
5.93154
4.45435
2.87414
8.05883
6.10490
-5.90074
-2.55777
7.65430
2.02891
-3.92840
-8.39821
3.77232
-1.62647
7.16958
-3.94667
-1.81480
-8.98535
-7.81370
5.07677
4.50984
2.76100
3.69762
9.26651
7.46012
-9.91260
6.50342
8.62873
-1.56170
1.00759
1.98728
-8.79112
4.88544
6.62693
4.65429
-5.90607
-5.27384
5.99879
-8.55966
-3.59624
-2.20850
-6.83550
7.49205
-6.92134
1.76197
8.74137
6.60924
5.58473
-4.46243
-2.67212
-6.20145
7.40917
4.69754
-1.30116
6.11335
2.01848
-9.65564
2.27879
-5.18443
-5.71021
-3.20708
7.15667
6.51735
-5.81530
5.21982
6.16569
4.78914
-3.60288
7.25546
7.54275
1.55276
-6.20327
6.90688
-8.28006
-3.58134
-2.14139
8.66301
3.26846
3.47695
-1.12783
-6.43439
6.93240
8.27057
-8.04275
-5.36427
-4.08563
-9.70611
8.53853
-7.93331
-6.94601
2.89771
1.48893
-7.79936
1.47271
4.58870
-5.28640
4.41821
-5.27131
5.77398
1.10677
4.43804
-9.65586
1.87628
9.60565
6.49437
4.01471
8.22085
6.88909
-5.14998
-7.60882
-5.67957
-3.81943
-7.05522
-1.10765
5.72738
4.16365
-3.26706
-1.21330
-1.51194
-9.55440
-7.37268
-1.77748
-4.38363
-9.06401
3.28002
-6.94430
6.74902
7.92423
-3.31603
-3.49559
4.44519
9.96363
9.60045
-2.60137
-5.42550
-6.49272
-6.80935
2.29485
-2.96548
9.21348
-1.92958
1.63371
-7.99513
-9.06861
-6.87579
9.39604
3.39793
-9.14156
5.63845
5.30325
-8.59644
-5.86116
4.45981
2.09083
4.00096
-4.60553
4.28820
1.72411
7.84408
-6.83013
5.99028
6.94661
-7.26294
6.67555
5.37853
-7.61792
-1.32128
-7.47765
-5.40309
8.13465
5.49716
-9.69917
-1.33338
-4.03947
-4.64957
8.26393
-9.46081
-7.66946
-9.32334
7.61914
6.88448
-9.16461
-3.18414
-1.12929
-9.14196
-5.10566
-8.51817
-8.36020
-2.02762
-1.56799
4.83590
-3.91811
-3.89431
-7.87805
-4.01953
3.46504
2.51246
5.98067
-3.19280
2.20034
-7.99895
-8.91664
-1.05715
9.33523
4.74600
-7.23122
2.28779
5.70778
-3.15328
-6.49484
6.36645
-6.50845
6.64472
-4.13068
-6.01939
-2.05757
-6.57029
-5.17794
-3.48784
-2.01411
7.16719
-5.47763
-7.03128
1.48625
3.56558
3.26244
-1.38986
-9.32375
-2.42241
-5.36555
-1.63774
7.49263
4.77160
-3.07057
-3.93519
3.13407
8.82898
-9.02229
5.23891
1.48905
2.30447
2.60255
-2.22764
6.68819
-2.81990
-1.28885
-3.52544
8.66486
4.76401
2.97868
-6.43272
-6.20309
1.77827
-8.75979
6.32423
3.51254
-7.62561
3.23048
-6.21520
-9.22379
-4.75995
1.36053
-7.60129
4.83128
-5.31342
-5.07197
-1.74782
7.23844
-9.54941
-4.22565
-6.82876
1.14337
2.45623
-8.72130
9.78779
7.94652
2.66451
-6.64130
-8.74344
4.46391
5.77828
4.83312
-7.28249
-8.08923
6.58410
-7.62185
5.63263
-8.99180
4.44659
6.57220
-4.29790
-6.04682
2.24565
-3.14769
-6.84135
-7.77856
3.88417
5.53209
-3.49431
4.35532
-5.37604
5.23147
5.06781
-8.19913
2.69518
1.78578
9.08151
-9.62431
1.98428
-2.00822
-5.46696
-5.68619
-3.63852
5.26514
-4.99474
-3.62365
-1.19833
8.51453
4.70523
6.90184
5.37534
-5.12206
9.08454
2.54563
3.04104
-9.73652
2.33505
-5.10334
-6.56767
7.40631
-2.64052
-8.55399
-2.45129
1.37036
6.17073
-3.34366
-2.84640
6.98998
2.33150
-5.85880
-5.80279
9.28391
-9.37962
9.53010
2.40448
6.82520
5.26520
-9.72645
8.19619
-4.04816
-7.58476
-2.25481
3.77274
-6.55770
-5.01375
-3.93730
-6.25088
8.03155
-2.76144
5.84571
-7.09357
9.78256
2.75005
-6.42855
9.17602
4.57802
4.32667
1.10972
4.16220
-8.86872
2.94126
7.67375
8.23317
2.47411
7.55745
-2.25611
2.29275
5.27152
1.59504
1.79603
6.74925
4.73063
-7.39222
2.79332
3.60517
1.38010
8.51127
5.44690
-3.02068
2.38622
9.60424
2.11759
4.75441
-9.16114
1.25598
-5.43745
6.39002
6.22959
8.81511
-9.76833
-4.35882
-8.60752
-6.23489
-3.87713
-4.21647
3.45403
6.72622
1.43843
-5.76651
-5.62480
-7.88220
5.89341
8.44140
3.44313
1.86250
-8.40983
2.23255
4.35713
-4.70795
-1.92176
-5.53045
-8.15596
-4.75612
-2.04909
9.31069
4.13389
2.25113
9.00754
2.54986
-1.25884
-3.00122
7.19242
-2.12810
9.82999
-7.21736
1.69962
-7.81601
-2.76716
-8.13750
5.22174
1.38953
-7.00828
-8.04134
-6.28843
2.66304
-1.26333
8.61275
9.53912
-4.16983
-5.54418
-1.89195
-5.75955
-9.67837
-9.11494
-9.76222
9.31809
-4.29817
-4.95699
2.62764
9.83171
-2.92847
4.66820
-2.11254
5.67755
7.86046
-6.01419
1.74023
2.04150
5.11251
7.18342
3.03286
3.61530
-2.69906
9.05279
9.45174
2.61368
7.04886
-4.94253
2.07296
-4.60562
-7.67289
-1.58239
4.04768
2.10486
7.52680
7.88335
7.80673
4.20488
9.88771
2.32637
1.97233
-5.40407
-6.65534
-1.26751
8.47281
-7.10297
4.44370
-2.37463
7.84154
-8.13458
3.64207
5.41225
-5.88194
-9.57322
-9.91640
4.45267
8.67587
-5.13691
2.59182
-8.96230
-5.42332
3.81214
-5.38709
6.11970
6.94071
-5.28320
5.56017
3.37052
6.55246
7.89824
-3.88435
-6.31417
8.53241
-8.28598
7.88675
4.42516
4.10629
-4.70737
-6.95116
3.11160
-6.33279
-8.82046
-4.03835
-5.84575
5.14818
6.11244
3.39957
6.29190
4.39964
-3.90179
-8.27494
-7.21778
4.02371
2.49964
4.27001
-2.81583
-8.56342
-3.58620
3.67588
-8.24143
-7.45936
6.32678
1.60543
4.84395
8.16087
5.54176
4.89619
2.80069
3.26138
-7.04404
-8.92807
-6.19159
6.94726
3.41142
-9.41172
5.70043
-5.16238
2.35425
8.59710
-3.86788
6.70535
3.40241
6.81438
-7.18169
-4.65279
-2.34966
3.21028
5.17744
-4.79817
2.81791
2.22788
8.10703
-6.92804
-6.79864
9.67408
-8.04010
-8.73626
3.82514
8.80455
-9.07096
-4.57206
-3.12437
5.69762
-5.46806
-3.14269
7.95872
3.96357
-8.25257
-9.41950
-2.29850
2.92698
4.95528
-8.76610
5.41323
-7.29656
3.84841
-5.27369
-9.66984
4.26698
-8.39229
-6.80858
-8.57326
-7.21614
3.27685
3.78342
-9.12841
-5.81420
8.71882
1.07079
9.34757
-3.70799
-3.67681
9.24302
8.91521
8.10386
8.79800
5.23982
9.33847
-7.45647
8.41961
5.55701
4.78783
-5.07936
-7.85778
-6.67141
-1.02768
6.65467
-6.18228
-2.42040
8.62264
8.13378
-5.06341
3.34612
-8.19576
1.75959
2.63700
-9.50281
-1.18661
-9.30801
9.16160
-2.78440
1.44805
-6.40353
1.80155
-2.53111
1.12703
7.96023
8.44532
-2.06661
2.71490
3.59166
4.43866
-8.70704
9.95687
-7.54037
4.76498
-8.13217
3.61174
3.11937
9.16595
6.24613
1.77165
2.19884
9.76959
7.18167
7.37608
-1.65750
-1.46901
5.23839
-9.97065
1.04825
3.72257
-7.04136
-9.71252
6.22438
2.52880
9.37294
2.18728
7.39230
-2.27616
-3.81943
5.49290
7.73041
3.54633
6.51638
5.65275
9.03405
7.63182
-7.87308
6.00107
-1.47900
-1.49110
1.32276
2.47199
4.92787
1.36713
9.89937
-5.11984
-8.61255
-2.11289
2.83360
-2.62589
7.74943
-6.06923
-6.25193
-5.73414
-4.74777
3.21542
7.09218
-1.23366
-4.54753
-8.53279
1.25987
8.47629
5.08650
-6.34784
-3.96484
6.90555
-3.92424
-2.90230
8.21402
-3.90854
7.69420
1.83296
2.60210
-1.80269
2.46647
-3.56442
2.08542
8.20990
-9.13361
-4.23140
-8.48848
5.40661
5.28796
1.81200
-8.29895
4.90695
1.83653
-9.75945
-6.82850
-9.37601
3.61633
1.71265
-3.70354
7.15883
8.57384
-3.65933
-5.95895
5.62073
4.71717
6.94770
-4.19912
-7.91782
2.02542
-2.61597
-8.58619
1.74962
3.82552
7.81619
6.61429
-4.07201
-2.89962
7.72326
-8.84454
-4.90419
-1.05262
1.11974
5.14147
8.81902
3.72520
7.21596
-8.24177
-2.12581
-2.71722
-7.26429
-8.73111
-5.33005
6.84766
-8.57881
1.77484
2.33349
-1.19635
9.12174
9.67480
1.17665
-6.26704
3.65348
-1.45830
1.92397
9.81538
7.63370
1.33315
5.37491
-3.08715
5.75478
-6.18763
3.41064
-9.00227
5.45310
5.03493
1.18726
7.53588
-4.09463
5.56872
9.29562
2.18043
7.50696
9.63823
-8.16375
6.59658
-7.21628
-7.00351
-2.55962
-6.45174
8.14134
-3.73287
-6.01147
4.22908
-4.21339
-2.57243
8.26134
-4.87558
-2.08619
5.37729
-8.06397
7.93085
-9.06686
7.35764
-8.19088
-9.77194
-8.41249
-5.56575
-6.66934
-9.19887
7.55514
7.85768
-7.59297
2.38866
-4.01147
-2.10685
4.95198
-7.92297
3.20784
-4.07188
1.76710
7.43680
-4.24579
2.36450
-8.08494
8.21592
9.26218
9.56656
9.49366
-2.31026
-7.45863
1.76300
-4.61486
4.90665
-7.83273
-9.12260
9.79960
4.77375
7.49396
-9.18308
-8.44303
7.30266
6.79491
7.27724
7.97860
1.75853
-4.50994
5.68423
2.92361
-5.69202
1.21080
3.17206
-7.53858
7.58788
3.33781
-2.11432
-5.03863
-5.07832
-8.24849
4.15303
-7.00230
-7.42916
-1.94704
8.40558
-5.08879
7.40476
-1.73752
-4.82398
5.28628
1.70265
6.29416
8.84813
6.72815
7.20116
7.58545
-8.41431
5.55207
-7.40036
-9.71229
7.25024
-5.26020
9.49663
-9.29528
6.41440
1.99303
-6.14588
-5.70500
4.34321
3.72934
-1.25180
2.27926
1.43786
-9.00151
2.64769
1.01877
-1.60808
4.75818
6.09188
8.03214
-8.51014
7.85756
7.85511
2.34084
1.80383
4.48512
-4.05098
9.62272
-7.62322
-8.79358
6.14795
-6.04940
-6.79523
-2.73184
-9.61564
-7.75503
-2.08255
9.66139
-8.08081
8.46721
1.76183
-4.61618
-5.42326
-4.05961
4.73443
-4.43810
-2.03180
5.87601
2.29631
-7.91474
3.76115
-7.10748
6.53028
-2.63312
-3.68222
3.88037
9.03710
-4.37962
-1.46690
-7.76920
5.43681
9.54421
1.54569
-5.97809
5.35754
-6.70187
-3.42244
-3.21684
3.74152
-5.01384
-8.04593
-4.35975
8.03821
9.65217
1.37613
9.65003
-6.87753
1.00489
3.45973
8.55539
-9.99318
6.26643
-1.40936
3.70575
-7.28586
7.52566
-8.90451
6.49401
8.95538
6.71653
3.45712
4.07467
9.63093
-1.14287
-6.81799
-6.47908
-9.11300
4.71847
-7.86219
-8.08575
5.84784
7.05021
9.74835
8.44720
-4.48076
2.12287
9.42623
-1.08427
7.82579
2.72361
-8.27573
3.10832
-9.70567
-3.52681
1.06422
1.99852
6.12192
-2.53429
-6.93855
-1.58825
-7.71376
-3.33662
8.92903
-2.72666
9.92756
7.12612
1.01759
-6.76870
8.68474
4.89293
3.46632
-5.46017
-8.95422
1.42268
5.79169
-1.04643
-4.01235
-9.91238
9.80286
-9.61998
2.77189
-3.79725
1.25085
8.27253
-8.56457
-1.97057
-9.62922
-8.39470
9.49193
7.87689
-6.21041
-9.77073
-4.39656
-8.04382
9.27204
1.49310
-1.59211
6.03332
8.64936
1.86247
-3.09801
5.08070
-8.15648
-4.05655
5.08669
-6.29032
-1.92421
-6.33598
-9.13933
6.73627
4.19852
7.52161
-2.67331
-8.17323
2.14913
5.61813
-3.80069
2.32668
6.42997
-4.31947
-5.65913
-1.51586
-4.79855
-9.78860
8.06737
2.70420
7.25303
6.39786
8.66808
6.54493
-3.95757
-5.08872
-5.46338
-6.74890
-5.19883
3.15117
8.26544
-2.84785
-8.43476
-4.26535
-4.22098
2.28162
2.74963
-1.39514
2.79211
2.56732
7.46953
-8.62781
-2.60687
2.58470
-9.19584
-8.48301
-4.41030
-4.04545
-3.74565
4.32677
6.94818
-8.90549
-2.06644
-8.15408
5.79299
3.86156
-9.79283
-9.28912
8.68992
8.10629
3.22454
8.85566
-2.88314
-8.06199
2.50690
7.76177
5.48729
2.61099
5.72928
7.44085
5.26382
-6.74295
-2.86480
-5.06872
4.56310
4.82521
6.14233
-3.29076
-2.20897
3.65543
-3.07160
5.18728
4.83492
4.89255
8.24054
-3.45718
-2.61609
-3.39062
-4.23184
-3.65066
-8.07286
-1.88568
-4.24213
4.00382
3.25021
-2.71578
9.98565
1.07680
3.53661
8.04815
-9.51234
-5.24804
-8.78920
-3.04234
5.26994
7.50259
-4.06594
-3.81767
4.85914
2.88626
-8.67650
-4.37230
-3.75015
5.49820
4.05840
4.83147
7.86557
-3.93472
-6.10820
-9.29930
9.79519
6.11372
-9.82155
-9.53823
-5.81042
5.27300
6.12564
6.75103
-1.83917
-7.07397
1.28853
-1.24155
1.62542
-3.55436
-3.61995
5.09197
-5.66679
3.94095
-4.51995
2.16224
-5.30426
-4.50094
-2.16939
3.78781
2.42903
6.28743
-3.47897
9.91977
1.57573
-6.44364
5.73271
-5.14184
7.63562
6.81669
4.12104
-4.51981
-4.73547
9.09968
-5.12045
-7.28670
-4.54196
-3.15726
3.46399
-6.99991
-7.28240
9.17863
-9.93151
-9.95785
7.79857
-4.69086
-3.27490
-5.15951
6.74980
4.43040
8.70196
1.33997
-2.03214
3.94399
-5.36283
-1.74294
7.42223
2.26230
-8.57406
-8.54646
-2.59513
5.81188
-2.51608
-7.09645
-4.96592
-2.95005
-9.03419
-4.97852
-8.52851
4.51557
-4.99588
1.43798
-7.90403
-4.37180
-2.79987
-4.79514
-4.03405
-7.11964
-2.98511
-8.17232
-7.51610
-4.74112
8.34062
-6.05849
6.62206
-9.45031
-3.09167
-4.20919
1.13495
-1.10783
-5.12898
6.92166
6.84950
-1.39545
4.69987
-9.84792
-7.41278
-3.26746
6.39880
-7.10110
3.98842
9.80219
-1.60762
6.47680
-4.44134
-5.53078
-3.09345
3.77964
-7.81521
1.53931
-5.48854
-2.36504
-6.77835
9.31068
7.65330
2.20840
-6.79242
5.68786
6.83242
-7.75496
8.62241
-4.08456
-5.85381
-8.21307
6.47257
-5.69325
-4.98125
1.58155
-1.62986
-1.46896
-9.44447
-1.82583
-3.12679
4.83616
-3.80317
-3.20432
6.45266
3.56818
-9.70953
3.44675
1.72014
-4.58420
5.23642
5.54763
7.84292
1.17830
-4.84658
7.82972
-6.35665
-5.97567
3.31563
3.75263
4.37632
-1.64746
-7.43377
-2.39252
1.03762
5.42308
9.46256
4.45634
-6.76944
-4.67909
-9.93225
-4.46343
2.74805
9.61387
5.58648
6.71482
7.26810
-9.33867
-3.18118
9.29322
-6.67857
-7.27724
3.35198
-9.49839
-3.28859
-1.11104
6.79958
-4.57900
-5.66683
-8.88406
8.46775
7.22653
6.27472
-7.77216
1.98347
8.32805
7.73857
-7.29108
9.88323
-1.01421
7.96369
5.72466
-7.59738
-2.58761
-7.33642
-5.37824
-5.05595
-2.67074
-7.74924
3.33417
-4.96657
-8.81526
-1.71829
4.39956
-1.57836
6.27082
-5.36675
1.08556
-7.76619
-6.98790
-1.87158
4.38099
9.38916
7.81220
4.02895
-9.99501
9.46892
-4.40592
9.77775
-8.25643
5.11227
-7.52698
-1.23112
8.82105
-9.55956
4.31587
-5.63423
1.02816
1.14967
8.86091
-7.10136
6.46087
-7.65284
4.13501
-9.88184
7.60850
-6.46456
-8.82873
-2.15075
3.71213
2.51248
9.59546
-6.96378
-3.19020
-7.77927
-1.94923
2.44212
9.12384
2.98338
-6.99339
6.98929
1.81398
-8.84747
6.79588
9.19150
6.88528
-8.27603
3.33185
-1.78912
-4.06214
-7.70156
-6.15555
8.67997
-6.19225
-3.79719
8.62407
3.87679
-8.17766
-5.67776
-1.95927
5.84464
3.84334
8.53495
-7.11983
-6.41319
-7.72354
6.38992
-5.52140
3.46107
-6.67969
5.45523
1.52931
-2.37432
-8.63263
-7.30367
-9.30842
8.71101
-3.69192
9.91957
4.03669
9.91283
4.51957
-3.54128
7.30998
1.87588
-7.77040
8.64829
-5.11779
6.19442
7.26360
-9.07496
-2.96323
-7.61787
-4.26003
-7.10486
4.38900
-7.11501
-9.33387
4.20025
-2.61670
2.05612
-6.34053
6.64275
-3.20501
3.16770
-3.72421
6.87517
-7.98265
7.99958
3.47694
-4.30591
-2.04965
-5.40297
1.20724
-3.46352
-8.14909
4.45564
-3.68527
-1.89497
-7.42391
-4.64797
4.54417
-1.57538
-7.78157
-9.69113
-2.62598
1.04792
-8.20462
-1.35229
-6.87376
-6.06247
-1.76149
5.55533
-9.69649
-4.80746
-3.23503
9.51593
6.93242
2.25870
7.25591
-6.45555
-7.19137
-3.13390
-2.27501
-9.61681
6.32605
2.15643
1.66924
-3.34607
-4.60053
9.50266
-9.46179
-5.82314
6.66611
-9.95823
-7.43000
-4.77718
3.84724
-4.41048
-1.69772
5.78323
-1.59363
4.26538
-8.00264
-8.81970
-3.46282
-4.39440
-4.40769
-8.04460
2.58158
6.29944
1.85987
7.30410
-5.96388
-9.06913
3.86197
2.62605
-5.29176
-3.33155
-6.91807
4.40921
1.47578
-7.36752
7.10394
-7.36108
4.95064
8.18622
3.48241
-5.68535
-3.74669
9.52709
-7.93521
-6.71209
-7.56958
-2.48602
1.76127
5.98744
-8.27512
9.65950
-7.09330
-5.31690
-4.64924
-9.19798
7.42744
-3.19804
-6.46636
-7.07070
2.57333
8.55468
9.57235
-5.45957
-4.35955
-4.04163
-8.48554
3.61058
-3.64191
1.02011
2.95717
-9.36198
9.41873
-1.51747
6.53977
-3.68516
-1.04639
-4.61861
1.91204
-2.77790
4.69647
1.06219
3.03486
4.36879
-4.85507
5.82785
1.97825
6.90652
2.45651
-7.72382
-4.23313
1.99599
1.36231
4.78950
-9.10898
6.99584
9.63729
2.06913
-5.95111
3.92399
5.51673
-2.18276
-8.13442
-2.39988
-7.90646
1.46836
-4.86699
4.90896
-3.54001
-7.84810
-6.55852
-3.24520
-8.77750
6.99697
-2.78571
-7.31030
-2.69802
-3.06446
4.61155
-9.91359
-4.83673
-1.81842
4.42317
-7.30143
2.99598
5.31276
6.79486
1.99049
3.52500
-7.40427
-3.87857
-2.63576
1.46918
2.90780
-3.52143
4.87817
9.53495
-4.00854
-1.87198
-7.14665
3.98091
7.68639
3.14427
2.89030
-1.78508
-2.17437
-1.36935
2.73635
-9.32951
9.47636
3.71329
-9.90680
-5.80202
-1.39430
4.76391
9.02428
9.05422
-6.66878
-9.19764
-5.34539
2.50242
-7.27036
-3.60691
-8.14951
7.66644
-5.45523
2.48966
6.06249
4.60764
-2.86232
-2.44003
-6.32901
8.91240
5.53436
-3.73069
3.66727
-5.96936
-3.01537
-3.62659
9.47841
9.34523
-8.86045
-6.78172
-9.90583
-5.81135
6.83781
3.92106
7.49872
9.08502
-3.92172
-6.63360
-8.41539
7.57429
-2.59062
-5.83650
7.50342
9.51091
-8.83023
-8.35162
-3.91837
6.23497
-2.40077
7.56831
4.31776
-1.84322
-5.13451
2.69974
-9.49020
-6.82808
-3.79144
-8.35749
-1.62509
4.83756
9.18218
-1.90210
-7.54088
6.42964
-4.45591
-8.43906
-2.18961
-3.40891
-8.13160
-9.61856
5.88133
-8.67448
2.82089
7.83705
8.33918
-3.98581
3.19428
-6.64737
-1.19087
1.92534
1.92309
-2.27652
1.21601
4.46845
-6.89828
9.29522
-7.18090
-5.42639
3.02070
4.21577
-2.06516
-9.06028
2.60261
6.39650
2.35198
6.62282
-4.13547
3.43984
6.95559
-8.29647
-8.09971
-8.00006
3.88230
5.02026
-8.33185
6.20059
2.30201
-9.95295
7.90782
3.87384
5.33160
6.41569
-2.24399
4.44867
5.84873
-5.79227
4.46165
-5.74251
-7.32784
-4.25538
-9.94515
4.26159
-9.61854
1.53620
-4.24773
-3.65228
8.51727
-3.18248
-1.50279
-2.05512
-4.39715
7.26510
-4.34516
-6.96473
-5.29144
1.27167
-2.27150
1.69359
-2.34746
-5.22788
7.73296
5.23166
-4.99576
-3.58092
-1.54001
-6.43756
-5.52966
4.56752
7.11913
5.98740
9.27235
7.38418
9.38305
9.75810
-9.80134
7.68821
-6.57139
-4.53062
8.34903
5.29675
-8.44528
1.49204
-6.81982
-3.42928
1.70028
1.25244
-2.46484
-1.58787
7.80869
-2.68969
-6.74550
-3.16302
-9.78997
6.07365
1.41113
1.83890
1.07631
7.76511
5.50194
7.76658
-9.76466
-3.98186
-5.51959
1.21317
-5.29258
-3.61107
-7.14137
-8.96683
-9.57536
-8.95962
-7.91943
9.94075
-5.02732
4.05119
6.61124
1.36012
-3.15200
9.62214
-1.87665
2.28360
-5.92422
5.49021
3.82347
2.45325
6.18860
-1.80306
7.39590
3.32150
9.80635
-6.85263
9.45847
1.35633
-4.60845
4.96745
4.36315
5.55348
-8.89668
-6.58552
-7.66938
-7.29771
-2.39106
-3.61595
-6.13120
3.00746
7.02236
5.19290
-1.98207
7.58600
-7.91395
-4.61368
3.85556
2.91372
2.02894
-1.34454
-9.53680
6.76195
6.11386
1.56160
8.10603
-2.92079
8.81219
-3.42863
-1.75232
-3.46515
3.68503
-8.84160
7.02680
-2.65670
1.83197
4.07817
2.48080
9.47747
-5.27949
9.69031
4.19223
-8.40714
-1.70028
3.91359
1.12768
9.40437
-8.77871
8.12815
-3.36522
-9.89415
-6.70864
-1.32837
-4.78158
-6.40849
-4.13277
-9.74570
4.33231
1.14572
-5.51877
7.29385
4.72648
4.16990
5.70853
-2.02042
5.12941
-2.59206
5.88487
3.56525
-6.70697
-9.95827
-1.80674
6.54634
-1.93308
-6.70173
7.00939
2.90684
-5.96429
2.76004
9.55496
9.70854
4.71641
1.06845
8.03976
3.40848
3.76657
-7.05971
9.10169
-1.29407
2.38038
8.56693
4.01581
3.17648
2.73394
8.45695
2.15983
-9.79620
4.62807
5.65549
-3.07873
5.53831
8.58728
-8.53604
-9.53830
-1.83929
-4.93679
-1.25037
-6.14614
-7.68106
9.85073
-2.67900
-3.67230
7.53681
-7.93352
-3.47468
-6.64694
-1.99838
1.96369
-3.35795
1.83499
-8.60161
4.51720
8.15897
-1.66218
2.89266
4.37729
6.70197
-8.27694
-3.68879
-6.93700
2.05486
9.94366
-9.95424
2.42549
-9.33925
-6.45500
-5.66195
2.94676
-2.03310
-1.26548
-2.97785
3.40831
-2.79314
4.13698
5.20339
4.92456
9.30113
2.55664
-9.65684
6.25283
-2.49088
9.58386
4.90125
4.81364
-8.34303
6.46566
2.79749
-4.36564
-5.04463
9.62288
6.28182
6.43494
-4.58476
2.61914
-4.86448
-4.21970
2.93666
4.34768
2.10073
7.19463
2.92395
-9.08870
-4.47032
-5.74536
-6.04863
6.16554
7.13919
3.86005
-2.78335
8.22453
1.42113
-4.79114
5.07507
-6.32054
6.18772
-1.16053
9.20479
2.17952
-1.33307
-4.03651
-1.62509
8.46865
7.50928
3.85471
4.60310
-5.44437
4.53995
-5.44003
-8.58768
-1.26359
-8.42911
1.94622
8.75250
-3.03707
2.72044
-8.34533
-9.40699
-3.33719
1.99723
1.67538
7.19129
-3.42921
9.32373
2.07911
8.75705
-6.73213
-5.69587
6.20096
9.78715
7.95380
3.03247
-7.89582
-4.17709
-6.93533
-7.25469
-9.74589
-2.91228
5.21335
-2.69126
4.06405
7.84439
-7.37661
-8.63026
-9.22713
9.25028
-9.77558
-8.02019
1.61775
2.47777
-9.56345
-2.32561
-7.70523
1.14929
-2.68327
5.28616
-4.16761
-9.34235
-4.18984
2.35558
-5.57134
4.97207
1.88031
7.58801
-2.74538
4.62423
5.76606
-5.66757
-7.13044
-9.63075
-2.03669
-6.17707
-1.59263
3.47914
-4.52717
2.97899
-5.45654
8.07155
6.73209
-7.60494
2.66571
-7.65182
-2.53209
2.49981
-9.09882
9.66019
-4.85130
2.59764
-8.93132
-7.11283
6.34605
6.24843
8.85897
-1.98447
6.10540
-8.51823
-7.79493
1.89993
5.07355
9.90814
6.97068
-4.27860
8.44975
7.39141
-2.01485
2.33110
-8.70639
-4.21475
3.19931
-4.23478
2.74458
6.74860
8.89430
-9.88598
3.38778
8.99195
6.30233
-3.78391
6.21565
-8.50754
4.90114
6.09996
-3.59568
-5.49034
-5.19686
5.70868
-6.61416
3.73281
1.58155
-1.14033
-2.95593
1.47874
1.04581
-6.94228
-1.44912
4.15196
-8.06737
9.58317
-2.28380
-4.88846
-3.61722
5.25860
3.23856
-4.80307
9.03730
-6.37335
6.07517
-8.23942
-7.14989
3.25018
5.98855
3.74496
6.09999
5.91248
8.04165
1.86438
7.24720
5.21541
5.19897
-5.15156
9.61743
-1.79586
6.53688
8.07969
2.14547
1.48182
-2.13342
5.16527
-8.55278
-1.49223
-4.00135
8.39746
-7.21534
-2.09298
-7.31415
6.05844
-2.22762
3.70803
-7.47228
-8.25055
-2.03238
-2.37720
-5.67840
2.83864
1.22191
-4.51643
3.69931
-9.84427
8.57549
8.39518
-8.73382
-4.89118
-2.66327
-2.53698
5.28543
-3.60504
9.63182
4.30605
-4.52070
5.17567
2.33350
5.11374
1.09918
1.30675
1.38369
9.66517
8.94182
-3.49214
-4.21973
4.13951
-5.61741
6.90327
6.90340
-5.13534
3.50506
-9.31129
9.24544
4.38870
-6.45258
6.18435
2.16480
6.29967
6.26044
-1.60813
-8.66828
-3.08534
5.49491
-3.91293
-9.83196
-1.94889
7.55347
7.80232
-9.30138
-6.50713
-1.33676
4.97376
-6.45880
9.31196
1.96895
-4.39866
2.76146
4.93763
-3.02947
-4.90657
-1.77416
-6.66204
-2.83186
9.03962
-7.96947
4.06640
-2.71123
6.13333
5.50765
-6.56631
8.21436
4.84761
-8.86579
2.14473
1.90822
3.07516
1.20288
9.30046
4.51384
-1.61158
-9.71303
-5.80981
8.67876
-4.59298
-5.91347
6.24495
-6.87909
4.04241
-2.80460
2.25360
-9.31757
-3.12055
-8.25096
-4.11261
-9.54917
8.98767
9.51941
-7.50997
-1.32040
6.85303
-5.29833
-1.19299
-1.23718
5.80767
-7.13747
-5.97246
4.48412
7.25896
-7.31204
-2.04025
9.07432
4.16610
-4.92872
-3.14353
-6.29756
-4.71759
-9.91845
-8.85930
-8.31360
1.50989
-2.62534
-3.82713
-9.98280
6.45511
-6.91825
-1.68740
5.45436
-9.07876
4.99188
9.47284
-8.82074
5.74160
-3.86973
1.48598
7.34952
-3.51805
-9.20844
-3.74445
-2.10473
-1.32281
7.28508
-9.57740
-5.49017
3.43269
-3.70372
1.53748
5.45822
-4.46197
3.02004
2.65984
5.79243
1.28175
9.43502
9.30429
-8.29219
7.81527
7.53208
-8.79168
8.26657
9.57226
8.72663
4.81452
2.46294
-5.20599
-2.18685
3.52630
-1.76983
7.94205
4.03779
1.34746
4.25525
-8.04184
2.11876
-8.52400
-4.99428
4.95918
1.33303
-5.32187
-4.67750
3.48801
9.57964
2.61824
3.33587
-2.14500
-2.32212
-3.09405
2.65830
-6.21902
-5.98067
1.54732
-9.77754
7.10549
-5.86397
6.40521
1.98247
-2.01864
3.13281
6.13329
1.64254
-8.88268
1.22225
4.01487
9.07653
5.23617
-6.59725
4.31472
-9.37278
-1.95609
8.27231
9.45946
-8.47654
-6.91353
-4.42981
-9.59661
6.08862
-5.85071
-8.62836
6.46392
-3.85245
8.52408
9.19963
3.18766
3.07802
-7.73369
7.23766
7.59518
4.25693
-6.04411
9.23172
6.44697
-8.07674
-6.12408
-9.33145
7.98803
-7.06695
6.44991
-4.07415
1.73355
-5.54523
-6.18411
9.09885
-1.13961
4.76763
-7.68569
8.82513
-1.21538
-9.90940
5.63407
9.13834
-2.14708
-7.40785
4.03127
-6.32330
-9.94721
1.66377
9.54927
6.67749
3.60362
-7.30102
-7.51337
-2.37031
6.34198
7.06516
4.41437
2.59050
-9.50291
3.09037
4.07005
3.56731
-3.86720
-9.58162
-8.32588
4.87484
6.17624
1.89520
2.49033
3.46464
-3.01270
3.59631
-9.89925
9.32064
-2.26903
-5.96947
-1.24615
-9.63871
-1.05999
4.32587
9.47625
-7.58880
8.47934
-9.26196
4.99965
-5.43930
8.78052
-7.58470
-9.71596
-7.69850
7.54625
2.41054
-3.48497
7.36129
-9.03045
4.90040
-2.71359
-9.54264
3.21322
-8.84903
7.06013
5.23104
8.32482
-3.54340
-6.71295
-9.55749
-1.02878
-5.41622
-7.38991
4.76343
-6.52040
6.73943
-5.77415
-8.90101
8.87535
5.41200
6.38058
-3.65875
2.01131
4.77635
3.92857
2.04237
-9.60684
4.12821
7.34337
8.56109
-6.40953
1.26066
5.56739
1.54723
3.35445
4.70106
4.82679
9.21132
-5.36955
-4.05857
3.77660
-2.99179
-5.82412
9.53090
-2.16294
-9.55251
-8.22172
8.02390
-9.21006
-6.89438
-4.25888
9.86696
-8.73751
-3.61169
9.19588
-4.72056
-9.46012
-8.60934
5.51349
1.38057
-3.71320
-6.68400
-1.30400
8.31696
-6.89748
8.36466
-8.75785
1.66501
-1.18139
1.86001
2.74856
8.06295
-5.61120
3.71939
2.82400
9.72336
4.38923
1.83756
6.04897
-3.55981
4.44168
7.54802
-7.86430
-5.07043
-4.57614
5.02377
6.06838
-3.99192
-1.85850
2.86914
-6.34069
2.27198
-5.71065
1.53040
3.26821
-7.66460
1.32859
8.84285
7.21358
5.91030
-9.63528
3.89654
-5.62988
9.29107
7.29330
-2.14554
-2.45884
2.49577
-8.82774
1.35156
5.45666
2.25879
4.59465
2.05825
7.47949
5.70232
-6.07429
-2.27366
8.22532
5.67442
-5.24899
-9.42582
2.47814
1.08839
2.61303
-1.60343
-3.80656
-2.79341
5.83958
1.85243
-6.35009
-4.15408
-4.10462
9.35092
3.55769
6.26022
4.30547
-9.40877
-1.69729
-1.92679
3.51987
-6.07294
8.17196
3.97144
9.69993
-2.88376
-8.05028
-1.82204
2.29000
8.87153
-1.70009
2.23277
4.82865
-3.94380
3.16696
4.39579
7.35620
3.80586
-5.77617
9.59824
7.40213
6.04437
7.25590
7.16831
-6.86883
1.22766
8.69835
-7.55642
-6.55277
-4.44212
-9.39873
2.76252
-5.73402
6.27570
1.84698
-9.24226
-6.46097
6.82496
4.58465
-3.46756
-9.74027
8.76867
9.97508
5.41270
-7.74942
-1.34374
-6.51628
-7.35076
-8.83822
-1.74542
-1.50443
3.82813
-9.85063
-6.89595
3.99398
-9.07963
9.15152
5.64706
-4.74741
-1.58459
-7.56061
-2.55327
-3.47973
7.19845
-2.55671
3.80048
2.05943
-6.11356
6.09570
-1.79346
-2.64251
-2.67093
-7.90050
2.95773
-5.14314
-3.77004
-7.72668
3.79438
-7.35323
3.51067
-4.72584
-3.45519
2.59401
3.33419
3.38091
4.19638
4.13973
-8.46550
1.33058
-2.40134
9.94380
4.12229
2.86702
-1.81682
3.32392
-3.34761
-5.65327
5.27689
6.28139
-6.07392
-3.90135
-6.66525
2.42875
-4.01241
2.68400
3.75648
-5.92100
4.95108
6.34217
7.57859
8.50687
7.51035
5.34302
-3.70156
-7.86856
4.78887
9.58584
-6.33768
5.60984
-8.97936
-9.56344
2.16902
-8.09712
9.73293
-8.13577
8.21341
4.56394
-1.00759
-2.80366
-3.71154
-2.66134
-4.92894
2.38724
-1.04450
4.10241
5.94846
7.28902
7.01593
-7.35602
4.48817
-7.86740
4.59895
9.08219
-6.37245
-4.12180
-2.99525
7.91060
-4.26052
6.49510
-9.23127
-2.24272
1.39823
4.91861
-4.45660
4.83140
3.79983
1.31344
2.61566
-7.14106
-5.18430
-4.11658
6.90282
-8.23195
-2.44795
6.17214
-7.17669
5.37525
-4.80211
3.72659
-7.67859
6.43272
5.51855
7.40821
-2.00505
9.82661
-8.83283
2.35348
9.53381
2.77852
4.91399
-3.53543
8.81107
4.30394
3.27094
-7.07497
-5.88474
3.63916
1.15767
-3.67915
6.36201
7.58714
-3.23764
-5.81487
7.54109
4.87990
4.10848
-7.20093
9.26898
1.36577
-4.35516
-6.48418
-4.43722
4.03995
-4.80277
2.65537
-7.49435
8.53168
-9.68644
6.13806
-6.54023
-7.24831
4.36813
2.93688
-3.47308
-3.49168
-6.44160
7.10387
-1.04546
1.16847
6.91492
3.40348
-1.87433
1.16266
2.98952
7.55348
6.29123
5.87312
-9.36885
4.08656
4.11730
2.36601
-2.89574
7.05687
-4.62644
6.68246
1.74783
3.73629
5.06349
-1.26608
6.61839
-4.73854
7.76250
6.00796
9.90712
-9.29059
-4.40586
-1.87282
-2.90175
-6.13671
8.78404
5.95063
7.76153
9.10413
3.87463
6.67248
5.52074
3.02589
5.45350
3.57655
-2.41271
-4.60049
5.79399
-7.86641
-7.15017
4.45018
9.76823
-2.69987
-6.56988
-6.48735
6.39611
9.50940
-6.48831
6.12376
7.15927
1.20448
-5.96852
-8.65278
-5.11992
-2.57690
3.90452
-1.58332
2.86307
5.13274
-9.90742
-9.75525
8.23318
-8.84877
-3.20377
-1.06195
7.13821
8.80356
-8.75952
8.04738
-8.95021
-7.44215
-4.94669
3.63667
-8.45477
4.27036
-4.85730
1.93261
-7.82146
7.49795
4.71604
-2.27755
-8.15998
3.38057
-6.77832
5.12418
7.77252
4.08199
3.97595
7.29606
-6.34985
2.33222
1.23346
6.07185
-3.75996
6.10876
5.27756
-7.05951
-7.69360
2.31874
8.73233
-6.73086
8.65827
-2.33527
3.33479
-5.29277
-9.75163
6.28422
5.71004
8.78868
6.83539
2.57849
-1.12809
4.08130
-2.85786
-3.50484
6.84997
-5.48911
-8.55979
7.67240
6.97820
6.63762
5.56675
-5.97956
-9.73393
-5.01970
-3.20223
-7.20729
3.05506
2.59688
-5.96778
-7.68799
-9.15527
-5.70302
-2.86959
6.27110
-5.17844
-3.86973
-2.76783
4.97708
-2.77657
6.38464
6.12396
-8.75025
7.47983
-7.99656
6.30044
9.93014
7.79104
-5.43345
3.95775
5.62780
-3.37780
4.07028
-6.63330
-9.79506
5.38822
9.04030
-5.46209
1.59004
-7.05679
9.32766
-4.08189
-2.74236
-7.86567
3.76480
3.88014
1.92625
-9.34796
-6.13908
-3.91389
-7.89758
-8.67122
3.93113
6.88142
8.01779
3.05851
5.24784
4.33712
4.00350
8.46308
5.04737
6.06958
1.05105
1.49777
-4.18251
9.77487
-1.17532
2.87748
3.65317
1.21311
8.11828
-6.02261
8.17727
-8.70763
-1.66984
3.92935
9.47345
-9.56841
8.03105
7.19021
3.24862
-1.53385
6.75666
5.84106
-9.31245
-5.24657
3.92091
-8.41880
-6.30827
6.05653
3.20704
6.01007
-7.20613
-7.94891
8.83653
9.61480
9.14593
-7.72546
2.65726
3.04914
3.99711
-3.29822
2.26243
4.84598
-8.18287
9.21684
1.14581
9.96089
8.11124
3.54382
-6.70936
-6.08776
-5.78586
6.16533
-6.49028
7.76717
8.35980
-5.06160
-6.85399
2.63506
5.08642
9.00457
-6.17264
6.61321
-1.16984
-3.90146
-3.32968
6.25939
-5.79128
7.92935
-9.03919
-2.69963
-2.85530
-1.90807
8.01517
9.59195
-8.83500
-6.92350
3.72637
-9.91903
-9.42672
-7.95111
2.23581
2.10799
-1.22881
4.42375
-4.94692
2.85069
-6.31195
-1.83567
-5.56033
-2.46595
2.08322
7.66578
7.74714
-4.73615
9.86637
-5.30181
-9.50407
1.06530
-4.60278
4.19213
8.52881
9.51347
-3.06423
6.85389
-8.88348
9.56178
7.56666
-1.40833
-2.59623
-2.15153
2.26198
-7.86059
-6.36584
8.79711
4.34534
8.40926
-2.55178
-7.67770
-4.28561
-8.07901
5.47800
4.63289
9.18083
-6.59722
8.04942
1.25647
-1.30800
-9.22219
-5.85527
-2.42355
-4.13800
-1.82912
2.01170
5.17990
8.70526
-2.20965
3.80288
9.09594
2.15379
-9.61215
-5.30011
-2.13250
-8.24903
-3.02997
7.68867
-3.54070
3.24801
2.66164
3.95763
7.01521
-7.83904
3.95150
-6.95082
7.73142
-6.68692
-9.81578
-2.28659
-8.51841
2.45697
1.10541
5.35460
2.68973
-5.06894
5.07874
-5.91291
7.70464
-4.03529
3.29756
7.94807
6.96923
7.86942
1.56806
-4.83863
-9.68278
1.85125
-8.47070
5.95418
2.13669
3.76327
-5.97969
-9.69663
-4.57802
-2.27538
-7.98320
7.60071
-5.73017
-6.06595
8.20234
-5.85511
-4.37025
-7.12357
-8.58915
5.86739
8.72466
1.44021
3.66847
9.04370
3.89729
1.00318
7.37507
-2.87879
1.53300
2.26273
-8.40197
-4.52114
6.81476
-6.32275
-8.50896
3.03675
2.26396
-2.11124
-2.85248
7.05014
-1.09692
-5.68558
7.94492
3.08963
-3.68940
5.87134
2.38309
-8.87712
4.43352
2.01554
-4.83320
8.88618
-7.82614
-5.70555
9.97845
3.17163
8.53038
-4.79507
8.78651
8.58092
9.14258
4.77681
-9.84778
1.11633
3.18470
2.99249
-6.99066
9.97572
6.04604
6.45965
-1.37891
-6.31309
-6.18063
-9.70057
4.24631
-8.33755
4.12574
-8.67010
9.46177
-7.02162
-2.94436
1.21730
1.88924
8.21706
8.64487
4.22730
-4.17141
-3.48969
3.92061
-7.91750
2.88443
7.66634
-8.02871
-8.60248
-4.00387
3.84881
-1.91168
6.75507
-6.59620
-7.80908
3.38212
4.15535
-9.06202
9.63378
-1.14335
6.23662
-7.81094
-4.58174
-2.78758
7.40499
-8.66988
7.44299
4.57081
1.93263
-6.52078
-3.91453
-4.98282
-3.21313
7.00769
-1.23723
-8.49923
-3.20817
-4.96320
2.30839
-3.19312
8.71778
8.54138
-6.00690
4.71091
6.64530
7.72114
8.23083
4.88183
-9.10048
3.88139
-1.69336
-3.89496
-8.16001
1.86959
-5.81824
-8.26528
-7.48096
-5.18758
5.14215
5.47420
-1.58192
1.19904
-6.03096
9.06257
-8.80819
1.57399
1.58871
-6.12778
7.42251
-4.87747
-9.87586
6.95621
5.84556
3.97480
2.29810
-8.76461
7.40902
-6.28703
6.52465
-7.57342
-3.23920
-8.52165
6.84466
7.55800
1.80195
6.16603
8.24423
-7.26774
-8.62539
1.86277
2.59670
8.91158
1.81661
-4.61285
-4.16081
-4.05748
-5.71481
-8.91371
-9.83809
-7.14439
-2.51662
1.04195
3.75637
-8.73423
2.69634
-2.63608
-9.78197
-8.84887
-6.39746
-9.02293
5.56596
-1.27308
-9.41764
8.26484
-9.41529
-4.14149
-6.31096
9.10208
-2.73844
9.97608
9.44036
-8.05656
-7.01835
4.04510
2.27243
2.69506
-1.37431
9.24949
-8.29817
-8.62997
6.97161
9.20680
-7.81231
-3.54305
-5.03114
3.63663
4.63814
-1.74150
5.42115
6.05128
3.75308
-7.93758
-5.74795
-2.69271
-3.76408
-6.76839
-5.80863
9.70091
-2.69415
8.41372
-7.64686
-5.57871
-9.19596
-5.11510
9.03120
-1.65667
-5.45748
1.40710
-2.85427
-9.31881
9.13956
9.85962
8.43915
9.25825
-1.40281
6.38876
8.93750
7.12356
2.84389
-4.68283
4.74299
-4.39419
8.35052
-3.28083
6.63883
1.37619
-2.15999
-1.63472
2.03751
1.59850
2.50630
9.59785
3.56326
3.56234
-1.97643
-4.55416
9.55188
-2.80709
-5.22061
-2.00266
-8.49785
-1.75247
3.17577
-4.94298
-4.97821
-6.96589
7.91694
-1.39382
9.53730
8.73539
9.29656
-5.15832
-4.52181
-9.52139
-3.02712
4.02300
1.22779
-1.62445
6.41494
-6.01168
5.92411
-1.51042
-4.68932
-6.56728
7.51671
-4.33335
-9.11368
-1.05311
6.06440
-7.91826
-8.71303
-6.07275
1.17814
9.43490
3.54222
-5.04704
7.14593
4.10632
-5.31216
5.08801
3.01456
-6.73384
9.66736
-9.99226
-4.31270
4.88563
2.29585
-4.69334
-9.88740
8.56122
2.87291
4.79027
5.14523
4.99504
5.17165
3.93410
-2.19803
-3.21406
6.11548
9.10319
4.37335
-2.92162
5.23209
3.70288
-1.45797
-4.03915
6.93686
2.62284
-1.21452
-4.47374
-3.45988
-6.77114
2.35615
-5.21722
7.86358
-3.84593
-7.08570
-1.77175
-9.28155
-3.98358
3.81964
-2.82706
9.62161
8.56611
6.60909
6.25104
-5.27579
-3.60767
-8.22102
-9.10735
-2.46931
5.79075
2.42452
7.29876
-7.20967
-9.78512
-9.18266
-7.80106
8.92209
-4.41433
7.90424
-9.37848
-5.02600
9.73267
-8.97043
-8.97842
2.59512
-7.09636
-1.99875
9.65418
-3.63115
4.19241
1.14360
9.92532
-8.66128
-5.62081
-5.40648
-1.46810
7.30463
5.04038
4.03766
7.74998
6.93469
-5.96147
-8.84836
-7.61177
-3.72439
9.14081
4.49557
7.27170
4.30115
4.66476
2.19106
-7.47205
5.39947
1.74976
-9.26899
8.24928
-8.75331
-1.20707
-8.25604
-3.18665
-4.36049
-6.14718
-8.00989
-1.08681
7.62853
-8.83144
2.40619
6.67903
-8.07518
-6.51309
-7.33733
-9.26202
-2.67017
-1.03457
-2.89197
-4.48211
-5.28440
7.37414
-6.44912
-5.22289
-4.98265
-1.71602
-3.36935
-7.29970
2.69379
-7.80658
2.46181
6.41399
2.96432
-8.42022
5.77496
-3.53304
-1.58188
-5.44531
6.57861
1.71956
-1.10799
3.86558
-7.28268
6.12281
5.05708
4.33399
7.87071
-5.91325
-3.05300
1.38430
4.68759
3.91931
5.17261
-5.06959
7.64073
-4.77637
8.86026
-4.43312
-4.59476
-4.90943
-2.35935
-2.95294
-4.52162
-3.43801
1.19513
2.42485
3.04965
6.46142
-4.89571
-5.38608
-4.18032
1.60215
7.35422
2.27330
8.23260
5.41456
6.68358
6.67413
-6.50464
5.76673
-7.52281
4.32611
1.56812
-4.33008
2.88510
7.19454
6.70484
8.08126
6.19498
-7.28497
-9.68927
-7.37294
-8.31990
5.39729
9.01501
-5.59864
-4.45729
-6.61246
5.76312
6.42340
1.60233
7.99690
7.40717
-8.62996
-5.26372
6.69763
4.20552
6.05690
9.61001
-9.86756
-8.41723
-9.61953
-3.66058
-7.61945
5.71152
3.23404
-4.80692
-3.68359
-2.29654
1.25939
1.70839
-7.98217
5.02017
5.99738
-7.82615
9.43213
3.48355
-3.56287
-3.90523
2.11523
5.97318
2.27578
5.95114
6.81695
-2.60199
6.79259
-6.09055
-8.94934
-7.50499
-5.47009
-2.25920
-5.70503
1.82673
9.75087
1.73043
7.75766
-4.60504
5.72211
-7.25128
8.32928
2.43154
-3.04657
-6.80283
-1.47235
-5.30824
-2.97101
-9.54969
5.50525
4.48773
1.17330
5.43005
-5.95028
-2.80112
2.87953
-1.06437
6.23425
-5.58234
-4.57463
5.82607
3.39082
-5.59792
8.51340
4.01037
9.08135
2.07251
5.06485
6.43031
-2.84131
-1.37494
-7.68532
2.80128
-8.49637
8.97987
-4.24844
-6.83047
6.10162
-2.95125
-3.78911
8.46628
2.85717
7.47972
-9.85807
9.28737
6.04747
-8.15503
-1.69907
-8.95971
-6.57349
-9.52108
3.73102
-7.55873
1.87509
-2.93778
9.73846
1.68490
6.88263
-7.93399
3.71845
-5.11235
-2.08293
8.92262
-2.57123
-1.77486
5.09720
3.43060
-1.56955
2.93928
-7.10217
1.33445
8.47406
-2.57521
-6.19085
6.90949
7.38912
2.82429
1.21972
-9.66871
3.11337
-8.29319
8.86169
6.03050
-8.12767
-3.57865
6.38244
-8.38643
4.35941
-7.53579
3.88640
4.66301
4.34899
-7.90582
8.32805
7.08140
4.24296
1.77801
8.96295
9.32247
-5.05692
9.00767
-5.55718
-6.38913
-8.65988
-9.79509
8.42217
1.73569
-8.92651
-5.67612
-3.29245
7.65740
5.40262
7.58669
5.93606
5.70809
2.97164
-7.74844
3.03233
-2.40131
-7.44582
-5.45683
7.25444
3.17650
-3.72572
-5.87770
-9.56396
-1.21155
-3.66206
-2.67143
1.60320
9.55911
9.50387
1.09512
4.08853
2.87604
6.57332
-6.71698
-7.11206
5.49995
1.27936
8.75057
-7.77626
4.80432
9.54210
9.95174
1.34804
-7.83145
-5.27385
-1.74668
5.09218
3.17241
1.30908
5.97363
2.94900
-1.85458
-6.34086
9.41984
-1.62190
5.16862
-8.21177
-3.27884
7.28395
2.56527
-3.64051
1.35835
-4.84058
-9.71708
2.79211
3.24138
-7.98166
-7.95216
-3.72049
4.06063
3.05859
-8.27577
-1.91384
-2.18799
4.94288
8.14904
1.18484
-6.71349
-4.76762
3.51012
-1.60245
3.36498
-5.27163
-9.15955
-2.08910
-1.77740
6.98177
6.93876
6.01632
-1.60137
-6.23908
-6.03700
2.82203
2.19893
-1.10074
-5.59176
2.01477
-6.27016
-3.73010
-3.87576
-8.74527
2.69800
-5.30448
1.89142
-5.97729
-2.31501
-8.72061
-8.75067
-5.29920
-6.09542
6.64247
8.55794
9.43848
4.65752
1.38618
-8.02569
2.73345
-4.51699
-7.73748
5.31429
-6.81437
3.17207
-5.47420
-4.89467
-4.75585
-7.34027
-7.95626
4.32569
3.52750
3.73147
9.27394
5.60296
-7.81676
-5.22395
7.22282
-5.79465
3.26434
9.40745
-6.34990
3.81746
-9.16496
4.13662
2.72662
5.65905
3.50670
-7.02716
-7.91483
8.22020
2.70969
7.41359
2.84018
-6.23574
2.05490
-6.74736
6.38318
2.64770
4.37499
5.35909
9.39236
-5.83668
-3.29253
3.27282
8.31803
-1.02940
8.30792
9.35025
9.41276
5.60007
-2.79271
9.83420
6.35745
4.93455
-2.07500
-2.10625
-1.36931
3.49620
-2.14680
9.33173
-2.84403
1.08870
9.79153
-3.55769
3.07439
9.35066
-8.56691
1.20659
-7.86116
8.25139
-2.82827
-9.59026
6.14116
-8.28595
1.86115
2.98876
-6.48646
9.25863
-1.96648
7.04045
6.21674
-5.01549
-1.90330
4.67681
4.98275
8.65528
1.20724
2.84616
4.92985
3.89872
5.56803
-8.54397
-4.35665
6.40858
2.51543
2.86418
4.17939
3.23889
9.08607
6.40392
-9.64590
-6.80930
-5.07021
4.49983
-4.23569
5.41862
-9.18269
4.93626
3.05701
9.20439
-5.30678
-2.97223
8.61312
-4.28115
-1.80975
-1.83139
3.25352
5.07791
2.27471
-3.50662
3.06180
-2.49966
-3.08634
-6.58850
3.59419
-9.47814
-3.12621
-6.42371
-1.60644
-3.42140
5.80558
5.98095
-7.50888
-5.80292
-3.21082
-3.92930
-7.89715
-5.50822
-4.54425
-1.43510
-8.61883
8.75519
6.16478
5.16165
-2.57631
-7.42087
-6.76123
1.60367
2.22314
5.14695
7.09773
5.95284
8.99913
9.65894
8.07746
7.76468
2.50206
-2.13616
2.86204
-8.57751
6.43956
4.44315
4.36261
-5.38499
-2.94013
-5.04946
6.84164
-4.56725
-1.14740
9.13297
5.38098
7.41601
8.94145
-2.17373
-3.20829
-9.07335
-3.65876
4.15500
8.98342
1.70311
4.19297
1.36472
1.60980
-2.74131
-1.09951
2.31345
-1.53898
6.67607
1.21726
4.00637
4.12233
-3.56434
-8.21102
8.95180
-4.90067
-6.99688
-9.98780
9.39653
3.97137
7.58305
-2.29556
1.83871
-3.48184
1.37702
-1.10903
-2.75044
-4.75830
4.84220
-9.91384
-1.00510
-2.47052
3.38957
-8.08311
-5.21476
9.32340
2.02813
8.30521
6.55119
8.65534
6.19339
6.68372
5.74038
-8.25570
-3.03579
4.90486
3.95338
5.48987
1.46158
8.21506
-1.95847
-5.99513
-8.92672
-5.17913
9.33446
4.71381
4.77362
-3.69176
2.46201
-9.53642
-7.97469
4.92061
2.38641
9.80523
-9.43835
3.77207
8.91195
9.35052
6.29581
-4.87095
-3.57821
4.02500
-6.34101
-1.90594
-8.16575
2.35042
-5.43384
-9.40937
-9.92654
-5.24087
2.20135
7.10866
-6.99452
1.36387
-3.97128
-9.96684
-9.89366
-8.39287
8.10588
8.41772
1.96785
-6.53892
8.48622
2.24754
6.45551
-2.41655
-5.46774
-7.20129
4.54054
6.98508
8.29244
9.56534
3.64288
-4.76173
8.14832
-6.99630
-3.16613
-7.32911
-1.71508
2.32912
-2.13499
3.54228
-7.18953
7.46776
4.68893
-9.43693
-9.06031
4.27788
-2.72340
1.44021
4.50603
5.17154
8.05352
5.04651
7.70753
-6.92564
-1.06695
9.58861
1.83895
-2.33351
3.16021
-9.61356
7.48706
-1.34604
6.68384
8.20188
-4.03462
-5.34519
2.89956
7.12320
-5.77782
-4.91444
5.09457
5.84913
1.40062
-1.16123
5.27066
-9.36144
-9.30781
5.04344
-9.02362
8.35063
-4.55331
-5.77669
2.99621
-3.15082
-4.87010
8.22152
5.81732
1.14709
-7.92011
-5.46972
5.80681
-8.01707
9.33066
6.04679
-2.59513
1.12790
-1.71709
-9.51921
1.89514
2.52120
7.04630
2.45675
-2.83684
4.25287
-3.78543
-1.68603
-8.85899
-9.58227
8.00798
-9.68629
7.88410
2.09295
5.59702
7.01199
8.06947
8.10100
-2.58759
5.90774
-7.52784
-9.92911
-2.31232
-5.69878
5.30821
1.26810
8.13399
1.93212
-2.91124
6.58968
-7.96117
-9.78524
8.51060
6.01712
4.48548
-2.79202
-1.32742
1.03350
1.15409
6.83845
-7.74759
9.72625
-1.76703
-6.35184
6.33597
5.44911
-2.07778
8.07532
3.21434
-3.64106
1.49422
-6.98341
7.26316
9.99353
4.05947
9.83179
1.67600
7.64766
1.20459
-3.94978
-8.82554
-4.26279
9.77175
-3.86481
-2.64357
-6.24005
3.08367
-3.80340
8.30419
9.15687
1.90392
-7.77072
3.80703
1.83671
-3.42143
-2.23202
-9.54085
1.96146
1.38272
-4.65390
-3.37854
-1.73808
-2.66616
-6.67755
-5.23284
-2.52433
-9.90682
7.13270
-6.19022
-5.43388
-1.53434
6.51932
2.73225
4.09841
9.76349
9.19672
-3.42424
7.36214
6.83504
-1.01307
-4.64990
-7.72107
-6.18954
-9.70457
-2.19204
-3.07770
-7.70392
-7.15661
9.68698
-9.63460
-6.86668
-8.46974
4.72020
-2.85700
-2.32289
8.81921
9.79525
6.93568
-4.99071
-8.71981
2.86103
-2.69201
5.40922
4.93706
1.02752
-2.42745
7.73492
-2.83456
-8.93176
-3.55102
-4.83537
-5.25911
6.27836
-3.72876
5.04409
8.55521
3.42676
-2.98509
-1.15431
6.80698
-2.96986
1.98842
-5.69825
3.44631
-7.71763
-1.56671
3.17103
-3.26889
-7.81963
-6.64767
-2.34187
3.94639
-6.11156
-5.32917
1.97620
7.48793
3.26051
6.27573
7.02853
1.86481
-6.62157
3.92244
-4.21193
5.79237
-3.04820
-7.20756
-6.08643
-3.08174
2.84463
-5.81483
1.92354
-7.46588
-7.64222
-4.33789
3.30811
2.08250
6.78717
-9.03792
-4.06733
-6.50597
-8.24874
1.39753
-5.86968
9.33605
-8.35359
8.16150
-1.90084
9.32330
1.00084
9.41189
-6.00658
-1.24209
-9.82634
-7.00569
-2.54861
-3.10798
-7.59196
-8.44550
2.19365
1.55148
-3.03063
-1.28342
4.29978
8.51272
-2.38537
-8.50258
-5.26357
-2.54238
5.79727
-1.97672
-2.90607
4.73548
-3.06331
3.39526
-8.97749
-8.45898
9.58256
2.54922
3.51258
-6.45653
2.76643
4.37974
-9.34523
-8.16942
-9.10748
-7.63303
6.04058
-9.18400
-1.47549
-5.85123
-8.19049
-9.17201
-3.17345
-4.05201
3.33692
-5.94017
1.39617
-8.65221
-2.25741
-7.28898
5.66160
-1.64292
7.63967
5.14809
9.93477
-1.26964
-8.02043
-8.76597
-1.75270
-7.81803
-1.74369
-5.32702
4.95081
-1.51523
7.47303
-3.81560
8.15221
7.77276
-2.43347
6.40313
-3.58465
2.35520
-5.51274
3.82702
1.36345
-5.20581
-6.39290
-6.95833
4.40106
1.79820
5.77032
-4.39949
-3.12222
-8.17930
9.91601
6.95192
-3.79114
8.06626
-7.56640
-6.62515
-4.66059
4.69165
-6.56282
-7.95130
-2.13190
-3.41030
9.35325
-3.27534
-9.01184
3.35447
-9.65937
5.92730
-5.48603
5.64097
-7.46363
-5.75489
-4.59738
-2.39375
2.27351
6.57167
7.53391
-4.66877
1.18638
-7.80832
4.31431
2.92487
9.64696
-1.73951
8.39833
9.50908
2.41005
-7.81892
-2.67930
7.49012
-4.05938
-3.64450
7.01798
4.39544
8.12884
-5.61682
-7.94833
-4.31535
8.47374
-3.98396
-5.19114
7.06310
-1.33787
9.93813
-3.14935
2.88043
2.74896
-6.28409
-4.55248
-8.26034
1.81052
-5.73590
-5.89940
-3.16987
-6.67786
-5.43323
4.64495
-9.99499
-8.94144
-7.51025
9.26317
7.82559
-9.92280
5.15542
-8.01022
-1.09605
-2.87833
-9.97537
6.27481
-8.00770
-5.94766
3.19947
4.00467
3.37498
-8.40737
9.64332
-9.25005
4.52585
-2.20534
-1.68627
8.27662
1.97971
3.03260
5.76900
-8.54259
7.80869
-2.75235
-9.47440
1.66151
3.47518
-4.76442
-3.29633
7.25875
2.17047
-9.46601
-8.46625
8.00217
3.13884
-4.85803
-5.67405
-2.04861
-4.83864
-9.44961
-8.87346
-5.68231
4.25190
-8.96086
-8.36355
4.47656
-1.65411
-1.89951
7.90835
9.07744
1.46847
-5.58168
-4.92616
5.36848
-4.82026
6.59061
-3.61361
2.04246
-9.06724
8.14430
8.02219
3.68596
-8.76550
-4.66712
3.10373
-6.53058
1.48060
-5.06381
-6.45114
-5.56660
8.22958
-6.16679
7.43187
-9.92705
4.62570
7.89966
8.82622
8.47254
1.80689
2.30663
-6.21352
-2.32239
3.64967
-6.12533
-9.57960
-1.97519
-3.64988
7.98642
-4.63791
-4.67037
9.91020
-2.39501
5.11463
-9.75108
-6.77742
7.74349
-6.05494
-5.67994
3.93200
-6.85171
-6.91533
8.52374
8.45212
-9.64018
9.83438
-4.07206
4.65608
-5.90050
4.90731
1.84148
6.15622
-4.66232
-9.31115
1.13440
-8.27868
-7.04810
7.89842
-6.14356
-3.26737
7.99497
-5.87321
6.28850
8.64787
-6.63437
-8.69173
-5.30576
1.00880
6.40353
-1.56344
2.05106
-5.53509
-1.73093
8.32882
-8.41204
-1.43125
-4.37672
6.50861
-1.72094
8.72053
1.48891
-7.96289
8.84657
-6.77866
1.45269
2.98460
3.43109
4.96585
-4.51664
7.42884
8.96892
7.86670
-7.04254
-4.10095
7.71277
7.52489
-9.30546
-9.83784
7.92202
1.20462
-1.60442
2.78595
-3.08902
9.58774
-4.22091
2.82357
-1.97842
-5.17830
-8.64591
-7.10229
-6.42634
-4.41847
-7.75304
8.42651
2.19121
5.91502
-4.38383
-2.96428
9.02260
-3.76388
-7.53388
8.78102
1.43007
-3.64615
-9.75771
4.88044
-9.95436
5.06565
8.48800
-5.23358
9.34916
7.66825
-7.00549
-9.23653
-1.12612
6.75156
-9.04840
-1.92104
3.34989
2.54458
7.61093
8.05955
3.10478
-8.79925
-8.87260
-8.88979
5.89161
4.67583
3.06017
-9.63791
5.43543
-4.62503
-5.08216
4.62393
3.12355
-5.66450
-8.74091
-4.28578
-4.38505
-1.75917
2.62404
-3.95102
1.77570
7.10872
1.13349
5.85167
9.43353
-4.64441
-7.59241
-1.65478
3.94653
-9.72025
6.01774
3.11697
-8.05014
-9.57778
-9.02959
-8.65785
-9.56260
6.96082
9.77508
5.56625
6.83534
8.94242
-8.61522
6.82544
4.12101
-9.66187
7.25752
-1.82499
3.11753
5.02821
-2.76390
1.23596
-3.47410
-9.67171
7.47468
5.45408
-4.46027
8.71321
-5.55225
-8.53341
-3.88105
-5.44516
8.11475
-7.13406
-4.58734
-7.14105
4.31813
8.94718
7.80010
4.42845
-7.17051
-1.27571
-2.51128
8.00541
8.67233
3.26085
5.14617
2.76497
8.43822
-2.67120
-6.70554
7.15173
-8.10582
-8.79663
-5.91564
-4.06167
3.34656
2.67942
7.50179
2.60109
-4.50169
-4.63286
-8.81501
4.08993
-1.91999
6.03940
-4.32308
9.56466
5.67041
9.54619
1.14069
7.80389
-8.42376
1.06842
-6.65315
-8.89975
-9.33687
9.22492
-2.48333
5.69388
6.23779
-8.14106
-8.54707
-4.55078
3.92721
1.96770
-2.82067
7.56039
-6.57442
8.35785
-7.55057
3.14334
5.02594
1.41213
-9.57458
-7.27413
-3.55131
1.31673
2.59592
-6.54147
7.26471
-6.05337
-7.81988
-3.44514
3.11509
-4.61974
9.41657
4.74475
8.77631
8.13066
5.85023
-3.68785
2.24397
5.59188
5.87215
7.59599
9.68082
8.08847
-2.59998
-3.74088
9.70871
-9.86847
-2.22513
-8.94241
2.40349
-4.35253
-6.27698
-1.65473
-2.18015
8.19381
-1.62318
3.91579
-1.30410
6.70076
-5.99991
7.13795
3.72936
4.47243
-2.29665
4.80765
7.47425
-6.78831
-7.72210
-4.29665
9.27317
-2.88236
-5.73245
-7.36809
-7.63342
-8.52705
-2.80163
-8.90798
-6.64221
-1.53086
-8.96934
4.73831
2.44136
-4.10506
7.90242
-5.66813
-6.98642
8.08231
5.32072
3.34307
6.05837
5.35450
-2.39279
-3.92891
5.59835
-4.44172
7.56601
-1.47787
-7.46460
-6.80878
-1.56990
-2.78489
-9.33215
-9.61022
-3.93240
-2.39672
-7.66895
9.59808
-8.19463
-6.76322
-5.97823
-3.12809
3.92592
-7.32223
-8.10417
3.88183
-3.40100
5.40193
7.63403
2.96979
-3.60859
6.13939
8.78890
-6.50092
2.62414
6.43247
-1.02419
-4.96128
-1.49894
7.00048
7.83771
-7.46888
5.41295
-2.24448
-2.17601
-8.31089
2.21245
-4.57419
-5.93182
-1.33891
3.38780
6.45922
5.66762
-4.14382
7.23988
7.00613
2.66191
-9.31872
2.81796
-9.80191
-9.30290
8.33205
-1.98533
-4.12199
-9.58685
-1.20557
-6.78621
8.01298
-6.97608
3.72512
-3.49466
-1.51020
9.20489
-9.92961
2.89375
-1.83636
-2.30666
-6.69962
-2.04004
2.06271
-4.69100
-1.48153
2.04341
-4.62427
-9.21957
-2.08861
5.01842
6.95546
-9.39162
-9.32935
-1.33321
4.88304
-2.87562
6.94303
6.85564
-7.98984
2.34669
-2.58523
3.56005
-6.62814
-9.29736
6.18787
-9.83785
6.36691
-2.15927
7.30563
9.95110
-7.49417
-8.29418
-8.24826
7.44106
2.15383
-8.41144
3.05977
2.06785
2.71681
5.94725
-4.48632
-2.90811
-3.33422
-8.99292
1.23081
9.37167
-2.10802
5.31379
-3.50138
-6.39160
-4.98803
-4.88100
-4.71107
2.13834
-5.77942
4.08151
-9.57623
-8.44991
2.99653
-1.29145
2.12225
9.17182
9.60930
4.31709
6.60616
4.98531
4.34773
-8.59155
-3.26153
2.23173
-5.15571
-1.99504
-7.92241
-1.34857
8.25487
-5.98459
5.04393
-7.87100
5.40086
-5.64652
5.65167
-5.02985
-6.33473
-9.76781
-5.17110
5.57527
-5.07667
-1.48495
-3.98925
8.31697
4.25009
-5.42830
-8.20924
-2.02785
1.22311
2.63553
5.02138
6.36544
-1.26716
6.05132
-2.79068
-6.46266
8.40327
9.29772
9.00673
-8.40874
-4.17910
-5.72154
7.29530
-1.17083
9.81841
-4.73324
3.79541
-6.64154
-7.79586
1.45520
-6.99883
-9.22536
1.17683
-6.27008
8.38493
6.16752
-3.24361
-3.84999
-1.38067
8.27049
6.81926
9.36335
8.04993
-6.74993
2.78797
7.16640
4.43999
1.91850
-9.59907
2.94655
9.57292
5.31903
-3.23418
7.85976
2.64714
-6.24578
9.96104
-8.26312
7.40338
2.48628
-8.63309
1.23676
1.45883
-8.37832
1.95122
-1.49430
-6.94680
6.67742
-1.85570
3.11690
-9.10749
1.75151
9.66267
-9.35023
-8.33787
9.73457
9.04747
-5.81594
7.82049
9.52123
-5.69752
6.13979
9.75267
-4.93901
-5.85190
8.30683
5.86085
5.26877
-6.99926
8.57907
6.07086
-6.36112
-7.88149
9.40734
7.06906
8.12317
-6.03720
5.17023
6.20736
-6.98125
3.40421
-3.06404
-3.32786
8.11105
2.01244
-1.39619
2.59326
-7.06773
3.99976
4.18638
6.22930
-2.63553
8.96291
7.31810
8.51578
-4.45358
7.48319
1.23059
-5.60531
-1.58284
2.37654
-1.91989
2.43827
-6.21998
8.42968
-3.47696
-1.00309
3.39326
-5.79433
6.52672
2.23713
-4.55670
9.91536
-6.41748
-4.82423
-1.80264
-2.93007
-6.27848
-4.21972
-9.98721
-7.43261
3.09384
-7.47743
-4.07556
1.39412
-3.89096
-4.60547
9.19009
9.15786
7.75429
-2.30180
6.54652
-3.86095
8.85738
3.46240
-4.61858
5.23042
-9.06918
-7.95160
-7.30175
-5.92034
8.79669
-8.49995
-1.87208
4.98566
-5.65274
8.08549
6.60293
6.63931
-5.91324
7.28993
7.26831
3.80454
-6.10499
3.94594
-9.81007
-1.99581
-7.50143
1.52729
-9.95216
7.27292
-9.00238
-4.16135
5.27033
-7.14489
3.04362
2.86427
-3.23698
1.90007
-3.94888
-4.41085
1.44237
8.26294
5.77318
2.61035
9.28458
7.14168
8.06965
4.88206
1.45002
-3.35918
8.38172
3.83273
5.41026
-4.05925
6.14089
-7.91205
-2.73059
-4.82636
8.71334
3.32280
-8.88297
-8.68859
7.93382
-7.30539
1.97559
6.43285
-3.06012
1.08240
-2.44238
-2.06573
3.64701
4.85364
7.24555
-3.79555
-7.87428
-4.51129
1.71159
-7.38227
1.83070
5.80068
-9.94036
-7.84444
1.97513
5.33080
-9.92473
-2.76295
2.55600
-4.99680
9.37887
5.01504
-8.13275
6.74735
-1.68526
-9.27570
2.83502
3.05927
4.07935
4.11147
-8.79759
5.15084
-9.76333
4.31646
-9.53189
-3.78787
-7.04574
5.53116
4.25826
1.42434
3.29018
3.56686
-4.04685
-8.82883
-2.00263
2.38747
3.56919
-7.13955
5.05675
-7.87742
-6.98048
-5.40357
2.72465
-7.16575
9.07965
-7.42795
-8.21077
6.46066
-9.66085
-3.29437
-1.29880
-3.92500
-3.40089
-3.97922
-8.92987
-1.32188
5.63232
4.96487
-5.62770
8.58304
9.90009
3.28692
3.35487
-1.48138
8.37504
7.19591
-6.42491
-5.05303
1.14013
-3.16831
2.32375
9.64310
8.86720
8.23515
-9.89355
-8.96319
3.75468
-5.33117
-8.53759
3.46817
7.12921
-4.39158
8.29201
-7.39425
-3.41020
-8.48477
-6.33154
-5.69317
-6.11212
-2.35853
9.86797
-1.27075
-9.49331
-9.85065
-7.40522
-2.51005
-1.40304
-1.13413
-2.58156
1.14650
5.15178
-2.03153
5.57131
-7.43379
-1.10084
-8.36047
-4.35404
-3.59887
9.07967
-9.35701
-6.77038
-6.30669
8.07552
-4.79026
2.75489
4.67801
-8.48852
-1.31382
-7.60002
5.11340
-9.24399
4.33052
9.49113
-4.93781
-3.98267
4.92320
-4.79874
1.66443
9.24526
-8.80753
-7.33672
-9.88103
8.26987
1.90514
7.95183
-1.37762
-4.30556
-4.86907
-3.64781
4.40129
2.43375
-8.06420
-5.85942
5.25231
-8.03430
4.27676
8.22566
2.62549
8.59504
-9.07113
-7.23892
-2.13854
2.19431
-5.09097
4.42126
-9.80000
7.84947
-9.41072
8.05569
4.02053
-9.74364
5.14514
-3.61709
-7.03868
5.39450
-6.41911
-1.86915
3.52298
9.45969
-3.39644
2.26822
-4.00841
5.04351
7.48905
-3.39761
1.94712
7.12914
-5.37496
-3.87064
-1.02598
2.13696
-5.47250
-7.39276
-9.44287
1.57032
2.97602
-4.69008
-5.13422
8.44553
8.62856
-9.92692
9.27588
8.98682
-1.04551
-5.36927
2.44826
-7.45369
1.81081
1.65239
-1.05622
1.53026
-9.48674
1.82320
-9.77252
-8.59456
-9.82949
3.83485
-1.72784
-7.69481
9.52304
-1.47916
-2.79649
5.16138
-6.34284
1.04143
-3.30783
8.89531
6.05597
-7.29214
-8.29655
8.17704
-4.71884
8.78684
4.10152
3.51126
7.89392
-8.52699
-9.63403
-9.79664
-8.24296
-2.91896
1.31970
1.40864
7.97215
-2.99601
1.61849
2.92002
-4.94065
-4.03656
-4.78609
4.65068
9.81112
1.35026
-5.03024
9.90754
-9.01896
-5.92446
-3.86128
4.44363
-4.65303
5.86173
4.00593
8.34674
7.34219
4.24095
4.17195
-9.64829
-2.85391
-7.56268
6.34660
9.12082
1.96426
6.66050
-7.57558
-9.00535
-9.55938
5.16430
-1.85279
2.28092
7.33744
-7.13779
-7.18064
-2.51371
4.65511
9.27440
8.35815
-7.28769
-7.14329
-9.03672
2.64017
8.06440
-8.84731
1.09518
-7.83592
-1.71046
-4.03535
9.15855
9.69951
4.96139
1.28792
1.39443
1.89904
-7.33766
-5.17326
9.37675
-6.79522
-6.99784
1.43330
-3.59061
-9.72851
-2.82937
1.02704
-2.13451
8.90458
1.41046
1.57969
-6.64175
9.59871
-8.92450
9.63860
-4.11497
9.18372
2.31857
-4.49130
1.53392
-6.12455
6.79713
-6.14074
1.66319
7.45416
-3.36491
9.96504
-7.24949
-7.44991
6.95991
3.76081
-8.75699
1.02501
-5.12629
-4.00757
2.96170
-8.45598
5.43907
-3.81793
-9.08960
3.57282
-5.83515
-6.23902
-6.95342
-2.96952
-3.76944
-1.62770
6.14186
-8.55037
-4.20553
6.73486
-5.59393
-1.12550
1.79548
-4.99665
-6.54640
3.53431
9.61919
4.00675
-3.90950
1.78954
3.80516
-1.41784
-4.77172
-8.17606
5.11816
-5.68595
3.30251
-9.00935
1.00988
2.03081
-8.57668
-7.42325
2.62839
-7.30382
-1.89077
-1.60773
5.70029
7.50510
6.08989
-1.95774
-5.52820
5.81977
-5.95214
7.57297
6.12078
7.21241
-2.50731
-4.43548
7.37947
9.25451
-5.81480
1.60452
-6.47791
5.57668
9.09293
3.98529
-8.79609
-9.95886
2.51309
-2.46262
-2.59869
-6.53538
-6.62745
-2.21743
-1.53244
3.49682
-9.88663
-7.58028
1.59435
-6.19547
-7.30991
-7.62147
-2.14823
9.80808
-9.43394
-2.97116
2.17526
-5.48224
-7.25907
-3.19329
-1.37286
5.53004
-4.01919
4.66442
-2.77337
-4.09991
9.41412
5.11226
-4.58095
-6.49995
-2.18817
-7.15408
-9.91602
-4.74140
5.22709
-8.78670
-8.74541
-6.23836
-2.07398
3.37304
1.60193
-4.52694
-6.10740
9.44997
-5.38163
4.30203
9.71955
8.57291
-5.14454
4.44848
-9.36875
6.13295
-4.25846
3.72877
8.00923
-3.70453
4.96878
-4.52365
-7.16372
7.45552
4.09411
6.82501
-2.50547
-2.16528
4.46806
-8.93858
-1.79614
3.30154
6.98918
9.46755
-3.39900
-1.91271
5.80421
-9.54229
7.65915
-2.32767
-7.51919
6.92214
-3.37303
-6.03735
8.98625
-9.52511
-9.00067
-4.28203
3.02422
-9.54312
-8.28025
1.69793
8.63506
4.65101
9.82124
4.32815
8.00526
9.24524
5.49442
4.61239
7.49571
9.52290
9.70349
4.33647
9.92015
4.53725
-9.66048
4.87817
-2.13826
4.08932
-1.19913
6.15418
5.57241
2.66828
6.36350
8.07875
6.18145
3.71878
-2.63551
1.12192
2.23038
-7.99228
3.39126
2.10286
1.47375
-6.85599
-3.23031
-9.46863
3.70898
-8.97518
-7.46555
5.07525
2.98010
-3.03405
-1.26989
5.46114
-9.27777
-9.38729
4.31524
1.83140
-3.86502
4.26473
-7.65212
4.89651
3.33785
1.43748
-2.74596
-8.82724
7.22351
-8.16969
3.00308
-5.16519
6.19574
7.13772
2.69470
1.03065
-9.19924
9.32500
8.33762
-9.39186
1.22128
-3.92935
-1.32730
-5.35460
-7.56539
3.78270
-5.16803
-2.07924
-6.43794
-9.70894
-7.92315
-7.86757
-5.44939
-9.17590
2.09461
6.60191
7.38269
-2.58409
-6.40840
6.18052
8.05684
2.15038
9.69724
-8.44522
-9.18590
2.52078
-3.04155
-9.04259
1.01282
-8.67578
-8.03673
2.16282
4.84139
9.74794
-4.57386
5.96104
-1.41006
4.50181
-8.09121
-7.88042
-8.46788
-4.43020
-1.12744
-2.40374
-4.18799
-9.03654
7.35478
6.99599
9.30739
5.80719
8.01416
2.80274
-7.78376
-2.30634
-9.83937
-2.27471
-9.27678
6.71266
-3.28381
-4.11496
-7.45619
2.60774
4.64525
2.64736
-2.89957
-9.10196
8.49805
-8.78044
-1.60002
5.78415
4.57138
-3.48202
1.05682
3.06204
7.94953
-2.33647
2.97776
-2.57063
5.57846
-6.97573
6.13820
6.91166
1.56932
-8.11679
4.25379
-6.11809
-9.43105
4.31459
9.79619
1.64819
3.96953
-1.15216
6.18609
-6.33183
6.31841
5.92410
-8.24368
-5.29444
-8.30083
3.28259
-9.78755
1.64009
-1.86485
-2.34704
-9.46721
7.76708
9.15343
5.16482
4.65385
-2.94057
4.83726
-3.08192
2.18666
-7.07455
5.14344
7.25908
6.83874
-4.17175
9.46634
-2.82714
6.66969
-3.95934
1.27789
-2.63520
-2.30259
-2.08946
-4.16776
7.97136
8.26799
9.93869
8.19587
-5.31944
1.01072
9.71353
4.56079
5.90280
5.46771
6.15156
-9.31022
-4.77811
4.47091
-4.83967
3.31238
1.29724
3.19838
7.29128
2.79262
9.77546
6.54813
-4.97241
8.94459
2.23618
-3.00466
1.44591
-6.34208
2.61322
-1.99110
-5.16405
-4.83910
9.88703
6.52673
6.50552
9.30343
-6.91713
3.68683
7.78347
7.70796
-7.38133
8.12536
6.50788
-6.12447
-7.77683
8.50405
3.48209
3.56580
8.89366
-1.15459
-2.31494
6.33989
2.15473
-7.51191
9.89494
-1.89783
-1.93250
9.97936
-2.16180
2.03629
7.85515
3.94141
2.73445
4.33490
-8.20318
-8.73229
-1.33563
1.38620
6.10016
-4.43351
-2.33544
-6.09916
2.27292
-1.95972
2.83636
3.99987
8.77887
2.71283
6.65204
9.67458
-9.73767
-9.30428
9.49944
7.35235
2.70237
-4.56894
-1.76178
9.41094
-1.43252
-3.66961
2.71444
-2.41814
-1.30137
2.75413
3.63480
-4.65920
-1.16845
6.96957
5.53991
-8.03288
1.29403
-7.39680
6.12173
-4.43286
-2.37692
6.81970
4.94339
1.57970
-2.69491
3.71888
-1.52601
5.82905
-9.52524
2.45788
4.79912
2.63057
-7.56849
-2.79073
-5.68283
-6.61248
-1.08387
2.20998
-6.16255
-2.93974
-3.06750
2.77542
-5.21601
-7.60657
7.03295
8.04982
-9.39533
4.93786
2.27795
6.48705
7.75813
-3.24211
2.56205
-2.89548
-9.47406
9.19212
-8.34458
-3.11489
-3.43768
1.42000
-5.12607
-1.81780
-9.61851
3.63407
1.52641
9.24663
6.94498
-7.56683
8.48527
6.77974
3.89003
-4.72528
-9.33093
-4.47686
5.83141
2.38678
6.66030
-5.55210
2.61891
6.38917
4.46750
-7.41350
9.52439
-3.24193
-5.06233
-8.14986
-2.16992
-9.81394
-5.77824
3.12136
9.84268
-8.26608
-7.02649
-5.08973
8.76658
-3.62213
-8.18144
6.38438
1.93212
-7.25000
-6.38360
-5.44593
2.57953
9.50812
3.24796
-2.63609
4.24645
-2.34688
4.38112
7.11214
6.31992
-8.64998
-9.17894
-7.23120
2.82121
3.64985
-8.89488
3.74260
5.57717
1.10569
-1.18729
1.09292
6.52465
7.89360
1.64234
2.70520
-5.47152
-4.57535
2.43962
4.72703
2.66488
-5.26749
2.44016
-6.10515
4.76525
-4.14361
-2.27584
1.24999
-6.15434
2.35818
2.05323
9.31654
-2.96530
6.32271
7.81706
-3.09332
-5.16945
-6.81177
8.44001
-6.97672
1.38471
1.68398
-6.61152
6.81676
-1.87386
-7.51466
-6.89231
-1.39248
-7.33935
-1.57809
-2.59102
-1.84925
8.03900
-7.74265
-7.40106
8.82757
5.82207
-3.68159
-1.93583
5.77754
-6.00645
4.50517
-7.75069
1.38322
2.59895
4.98020
3.20097
5.68703
6.74025
9.51158
-7.74041
-6.36214
-2.95940
-2.00614
7.43373
-8.27797
-1.67593
-1.15397
-1.40925
-6.50561
-8.16254
3.53264
-9.43895
1.81043
2.38082
6.29315
-6.17831
-6.86519
-1.99804
1.51312
-4.80024
-7.63750
-7.35607
-1.04844
7.73196
2.74053
-2.69697
-1.03464
-3.93974
-3.43138
-5.94850
-9.41786
-9.32414
-6.93986
1.53677
5.80584
2.47613
-7.80658
-8.72015
-8.59453
8.93813
-7.05857
2.93041
-4.66758
-5.55092
8.94946
2.59330
1.94279
-5.96935
-1.00738
-2.70885
-2.81013
-7.45207
-1.89234
-4.14395
-5.14978
5.75519
-7.37422
4.65455
-5.43707
6.85578
7.79966
-8.42970
-1.05647
8.70671
-3.22626
6.59053
6.46029
-2.05101
4.17109
-6.21600
5.86916
4.14949
-2.60376
-9.91608
7.31346
4.31776
-5.80480
6.50472
-6.17272
2.24529
-2.83726
-4.09086
6.42110
-6.65447
7.87597
-8.97935
5.00547
2.28447
4.80746
1.56636
6.16685
-5.35988
5.97921
3.76294
3.29419
7.17026
-4.65065
-9.58247
8.22455
2.01290
3.18279
5.67089
-2.85632
9.97517
-7.98765
3.38699
-1.08889
6.96593
8.88254
-9.68367
-8.52125
-2.47624
-9.65062
4.57037
-5.97589
-1.16270
3.43504
-4.22712
-7.93155
-6.00654
-8.87441
3.96892
-7.00082
6.56969
-3.35720
5.97999
-9.85823
1.13112
-8.09473
-1.42519
1.41332
7.48183
1.91640
-6.80544
9.20044
-4.48662
-6.02162
8.42921
-4.88794
5.52388
-9.22583
6.88265
-2.45796
-1.28107
-4.84954
1.42845
9.27041
9.54725
-2.18374
4.54055
6.98739
6.02763
8.36650
-2.48351
-4.40047
2.05146
6.50154
-8.85018
3.83884
-7.91307
-9.45047
-2.12396
-3.98607
9.38683
-4.95619
3.32758
5.32360
3.73217
7.16261
-4.35129
6.40704
-2.53650
5.80940
-1.05496
9.72504
3.99715
-2.96345
-7.31365
-1.02992
-4.54948
-9.51854
9.36366
-3.13146
6.69977
5.45188
-7.95161
6.55737
7.41129
-5.98729
2.62850
2.53280
2.25949
-1.91263
9.79749
-5.40328
-5.03764
-4.02389
-5.76184
-4.26946
3.32494
3.76531
3.07289
6.74766
7.95140
4.94524
2.00921
2.07174
7.32095
2.79495
-8.62665
-1.32982
-5.39497
-3.00021
5.76866
-1.74831
-7.19543
-8.42948
-4.84412
-5.61682
-8.30877
-4.17364
5.31927
2.76669
8.44489
-2.65559
-3.82115
5.00653
-4.67734
-9.33924
-5.34368
-1.91374
4.20616
2.69192
8.82421
1.78860
4.98424
9.40164
-6.29965
-9.88243
2.88910
2.22897
8.99793
3.35794
-1.47392
-7.20544
1.43402
-5.31722
-5.78163
8.49394
-2.47353
5.86272
6.97214
-9.14142
6.85496
3.49242
6.57328
6.24555
2.53627
8.41497
3.95734
-7.78810
-9.50903
-8.58328
-2.61235
4.96997
-7.58015
8.38002
-5.75935
6.75368
9.08842
1.12950
7.75551
9.24314
-9.32896
-8.10917
-4.82909
5.70765
-9.83838
-1.74700
-6.74376
5.75347
-7.76787
-7.97825
6.48779
-8.50863
3.47592
-6.18794
-7.64100
8.50055
-5.21209
-4.33366
6.04247
-9.32151
2.98910
1.80487
-7.70062
7.79090
-9.65066
7.91922
2.75643
-1.17978
-2.09674
-8.08538
-1.09392
8.67548
3.76636
-4.14606
-7.51156
6.16571
-8.43717
-8.70027
1.38445
-1.54897
3.69403
-2.85926
9.15199
2.85077
2.25875
1.70979
5.58691
-6.11515
-4.17907
7.33883
5.90097
1.81313
-5.05326
1.77353
8.74697
3.15468
6.11290
-4.12046
1.91136
-3.21489
-6.94022
-5.24383
-5.11242
5.90232
9.97092
4.68873
9.22701
-2.59380
4.39940
3.30782
-1.68889
6.61107
9.63010
-6.71145
4.01286
4.68635
1.38568
-9.67001
-2.70018
-2.21832
-1.07445
-5.37946
-4.79999
3.36967
7.08789
-2.04453
-6.32780
9.33909
-6.17619
4.76550
-3.34115
-6.12701
5.55091
9.44636
7.88735
7.78959
-2.00697
8.48042
5.83874
2.22206
2.10957
-8.99439
6.77623
-8.25440
8.09953
8.55229
-7.98094
-2.82786
-6.31583
-5.56531
5.93539
6.86710
-9.65621
-7.59068
4.64233
5.04556
-1.84864
-6.44539
9.47872
2.73701
-9.72392
5.90456
2.19916
-8.08772
-9.31447
-6.89688
-8.76121
-9.04995
7.51745
-5.05189
1.06591
-1.59656
7.36548
7.20520
-1.89734
2.43605
-9.98048
-8.56170
1.53548
7.43128
-1.88912
2.29779
5.89588
1.25345
2.35921
9.84667
-2.84217
4.35875
-8.57784
-2.66970
-3.38513
-2.55152
-1.97094
1.31901
4.44315
1.89295
2.93601
1.10799
-5.03786
-1.50481
-8.01132
-6.35101
4.51831
-7.49298
-6.14117
-4.68343
1.08979
5.28216
-1.27023
-5.45440
-4.00185
1.23397
2.94569
-1.80528
-6.88914
-2.44223
2.83774
6.09734
8.96140
-5.46053
2.07955
3.84592
-7.69133
-9.98914
-6.12531
-5.26565
5.09309
-3.20391
-9.84925
8.42547
-3.63822
-2.65300
1.83559
1.13857
2.62975
-7.79796
-9.58915
6.25007
7.67717
8.18053
8.94972
-6.55322
7.06963
6.77398
-3.84226
9.30654
4.68078
6.42410
-7.48180
-9.73460
3.43314
8.44445
6.25912
-2.00752
-2.18272
-6.17475
-3.87702
2.53657
5.86443
9.94031
7.59256
3.29769
8.12047
2.14212
-4.41432
9.17069
3.80765
-1.21272
-4.94490
-9.79049
6.14698
-3.62418
1.77179
1.39251
-6.14153
-4.53734
8.50245
9.81683
5.86299
-3.43377
-5.53753
3.01601
3.86705
-2.68742
-2.51355
2.79372
-7.17687
8.79598
-9.12396
-8.90784
-1.01781
1.16356
3.23800
7.69399
-5.08093
-6.50968
-5.64542
-2.09186
-4.65574
-1.20828
-4.46035
-8.38360
-7.16960
9.40437
-7.66011
4.49384
-3.70181
9.48522
5.32026
-4.49657
1.45596
-7.15867
-4.91106
-7.50711
-9.57783
-9.36612
3.86507
7.24873
5.51124
-2.35073
2.70201
-8.24428
-1.61572
-3.91548
3.49961
1.26974
4.37556
3.55045
8.76907
-4.97455
-1.85941
-3.40297
-8.29102
-7.19846
-9.28585
5.62005
-9.71331
9.64875
2.26665
-5.50717
5.47193
9.14351
3.04661
-6.73456
-4.70427
-9.55931
4.09997
1.15657
-1.78471
-9.93241
5.96494
-1.96465
-7.17957
6.65508
-4.11356
3.58178
-2.02980
-1.54749
2.97157
-4.83823
-1.48404
-6.05402
-5.12453
-1.80758
-2.80453
6.11018
-1.61779
2.12584
9.51854
1.10376
4.91704
3.01950
-3.80851
9.73581
-6.89582
9.80622
9.88818
-4.44537
-1.96364
-3.99607
-4.29356
9.67635
-5.42636
3.33526
6.02501
1.74767
-5.81282
-9.46181
-7.74508
-8.43445
-4.54817
5.58449
7.33233
9.41453
-9.57433
-3.48456
9.60753
8.95487
8.67071
5.59573
8.11096
-5.25974
-6.96152
6.75201
1.13540
-9.77471
8.25649
5.50539
-9.94080
2.12999
-8.77685
3.76840
7.53452
-5.92915
2.35734
8.11567
8.59129
2.47264
-6.17349
1.15473
6.93932
-8.20927
-7.89773
7.03523
-7.96699
5.78077
3.24170
-3.10152
4.03627
-5.50399
7.51614
6.28018
5.83156
-4.64636
-4.12585
-8.34903
-2.63570
8.33660
3.79902
-1.74036
-3.22421
2.06617
1.45862
-1.03772
-5.47004
7.42177
-1.47584
-2.82372
-9.99552
1.94531
-5.95683
1.72164
-1.29190
2.88871
-8.31962
1.96244
7.72785
7.85735
-1.41028
8.96163
-8.95695
7.84504
-7.15369
7.49583
1.88670
8.60861
8.39328
-8.80602
-6.65818
2.85430
4.06654
-5.77098
-1.20370
6.02301
-5.70328
5.24506
-6.38870
7.43553
2.00756
-1.95205
-5.97272
8.01278
-9.78353
-2.16801
7.09161
3.26183
-7.97405
-5.36648
1.36287
-6.03692
-9.09703
2.63855
5.92327
8.05940
-8.80418
1.13257
7.02217
-2.74739
2.91959
-9.67608
-9.73250
-4.51633
8.10408
6.42218
5.96337
3.33623
1.17931
7.14016
-1.59664
3.21317
-7.27283
-1.80498
7.62220
-9.05184
-4.49556
-5.32308
2.95827
1.41779
-9.03509
-3.53862
-7.32535
-6.58003
6.20099
5.87646
-5.53050
1.21227
9.21587
-6.40618
8.32643
-8.72336
2.32624
9.20433
5.28644
7.87286
7.28457
-7.41624
3.07980
-3.09405
1.84125
-1.15368
8.92418
9.20876
-3.33619
5.41526
-8.69970
-3.88052
5.96629
-7.70014
-2.23134
9.15250
-3.96564
2.20588
7.88569
5.56021
-4.26053
-4.38742
7.86185
2.44699
1.16975
8.08091
7.82541
7.94532
7.95848
2.27212
-1.58192
-1.24585
1.55032
2.10253
8.24958
-5.78403
-5.33039
2.94862
-3.86245
-5.77069
8.99801
8.39204
5.52929
-7.35110
-4.44990
6.06360
3.33604
7.16726
9.83139
2.67343
9.97329
4.74958
2.22496
6.87432
-7.14873
-5.30411
-8.73700
-9.48771
7.53966
-5.28299
-4.22321
2.96099
7.49832
6.46643
-9.06329
8.17598
-6.32190
2.58728
-8.02155
3.33737
-8.09386
5.26839
7.67983
6.36563
4.86158
7.98860
2.72667
-4.70344
7.63071
5.49830
-4.09836
-4.92701
-6.28027
3.17116
-2.32446
5.29171
-7.74621
-5.09897
-2.62236
-2.57897
-5.33931
7.85419
8.47119
-4.83334
-9.71841
-4.80641
-8.01494
6.55109
2.02618
8.53435
-6.19412
-1.29144
9.45997
-9.59819
-2.86597
-2.68462
-7.72190
1.86090
2.65946
-3.41774
-1.54495
8.81516
-5.18098
-9.29432
-4.60056
-5.01083
-8.99355
9.47226
-6.24972
2.66275
2.65186
-4.39062
8.67530
2.43919
8.04268
-9.80999
-5.85938
7.67290
-3.34099
8.92879
-1.97853
-7.64344
-2.14499
9.92176
-2.62164
-2.44059
-8.40022
-4.13256
3.68619
1.53550
7.46674
4.55620
8.41657
8.76711
-4.20308
6.29301
6.61086
-1.21055
5.55099
-3.71217
4.76826
9.94346
-8.61839
-2.52682
-6.98597
-6.08540
-6.35520
-2.67554
9.13707
-8.93905
6.57727
-3.33143
-6.26303
9.08877
-9.61407
-2.85661
-9.61664
-4.21769
2.38568
9.15281
-4.09647
-2.02170
9.90380
-3.95705
3.03433
6.22806
-7.25628
-6.61403
-2.73473
-3.65089
-4.54703
-6.32886
-1.06518
-4.12138
2.10204
-7.77393
-2.45523
4.99898
7.76221
-3.81751
-9.56241
2.28379
-4.61340
5.33010
6.29198
-2.44048
4.45538
-6.76826
9.11518
-6.59921
-6.27361
-4.55971
-7.32692
-5.33456
-7.50292
9.49739
-5.26107
7.01002
-3.26687
-9.07569
7.31098
-2.08419
-1.23805
6.93860
-3.83865
-3.43434