2.39317
-2.95931
-6.21262
-7.73178
1.45128
-5.52565
-1.51192
-8.66208
-6.35532
-4.63398
-6.21027
6.57443
6.91636
-9.41236
7.02753
3.14817
2.17790
-5.11502
-1.08384
-1.65935
-5.55296
-9.39933
8.91343
3.56489
8.50370
-6.50510
7.01077
-9.38580
-9.45037
-3.38019
-7.68175
-3.45113
-7.45851
7.18747
5.54868
-9.14803
1.83069
-8.46413
-1.03191
6.73402
2.45424
5.96512
-6.04816
-1.67719
5.91031
-6.24259
-4.86808
-3.77433
-9.09032
-7.13860
4.18311
-9.76453
-9.33187
-8.78145
-8.93275
2.61425
8.04148
-8.22012
-3.40125
-4.44288
-8.72734
2.79616
-4.14693
-3.00631
4.58619
8.77918
4.16032
7.11566
-9.45313
8.89335
2.60711
1.34431
4.11118
-4.92754
-4.46676
3.29250
-1.01522
-4.27799
9.53987
-6.60840
7.47779
5.56410
3.93565
-5.98971
4.78402
-7.09586
6.53963
-4.65468
-3.73487
4.86899
5.18489
7.08065
-8.14362
6.92966
5.63907
-1.84048
-7.05516
-8.25907
-1.21983
-9.85542
-5.09875
7.46511
-5.44939
-2.32814
-9.03394
-8.00578
2.58298
-1.45197
-9.25723
5.10816
7.00820
9.55036
6.51387
8.47512
9.07487
-5.05063
8.55877
7.89232
6.64074
4.95885
3.11044
-3.87739
-2.24537
-4.44732
-7.35777
4.73381
5.88350
1.56039
-4.50529
8.71059
5.29282
3.68751
8.68103
-5.84399
5.39407
-4.92252
4.49971
7.51763
-9.27587
-9.16236
1.75553
2.22130
2.63556
-4.41193
5.09229
7.85107
3.50431
-3.27044
-5.23276
9.99917
-3.01800
-8.03110
-7.78810
-2.79425
-6.59202
-2.13599
-6.07573
5.18531
-7.90208
-6.45303
-8.00013
-9.68249
6.20816
6.18217
-4.56989
-1.68397
1.91711
-8.65264
-8.16604
4.12483
-6.95369
5.55365
1.11387
-8.40098
4.90171
6.72027
7.36578
2.58523
6.54321
5.18386
-3.90074
-8.47658
3.51035
3.19477
6.12865
4.02757
-8.65858
5.38795
8.18049
3.51693
-6.00212
1.77052
-5.39720
7.21548
-5.03357
-1.83748
-4.63961
3.75585
5.25934
4.82953
4.16629
3.43825
-3.07484
-3.83993
2.72387
3.48850
-9.82460
3.66622
-2.61497
-7.37217
-3.46880
-5.98023
6.74083
-1.92329
6.16658
5.30843
-2.65927
3.27231
-2.02678
-4.60637
-6.19319
2.36554
-1.76663
2.06606
-6.45686
7.98124
5.05463
3.67618
-3.74842
-6.48668
-9.52831
6.62964
-6.94385
-3.15879
2.40879
5.05453
-3.62133
3.59294
7.32689
-1.64062
-9.31520
-4.82625
6.82871
-8.43968
1.53674
6.35540
4.95238
7.19810
9.48409
-4.93983
9.00481
-6.43342
-1.82194
9.99615
-6.18622
5.23451
-9.24466
9.97251
6.71306
9.72150
4.13165
-3.88952
8.71960
4.70481
3.59396
-8.32209
5.09343
-3.27159
9.73166
-8.78420
6.91894
-4.71923
5.66595
-6.62868
-2.83202
9.34905
8.92762
-2.09283
7.38805
5.95755
-1.83888
-5.15303
-6.82939
5.48538
5.57985
4.73941
-9.82220
-5.11108
-4.45227
8.77624
7.95408
4.05888
8.38495
7.53446
8.78735
5.84723
3.99196
5.09810
-8.82642
-6.14618
8.70412
1.39283
7.34705
-4.47471
-5.45796
2.13622
8.82730
1.89741
-1.13813
-4.68981
1.67345
4.04705
6.84853
8.67107
9.58726
-8.85145
-6.55714
6.68045
-9.97683
-4.90574
-7.84333
4.99311
-9.13082
-3.91937
3.64031
-4.87618
-5.78050
-2.52985
6.48543
-6.57739
-5.47901
3.08970
-5.13613
9.09018
-9.11088
1.66476
9.88887
6.75045
7.21282
-8.60774
9.99436
1.95988
6.14730
9.93423
1.19746
-3.47032
9.19555
8.49555
-7.98167
6.46358
-2.97104
-6.58802
-6.65423
3.78040
1.30028
-7.59124
9.18665
-7.72733
2.80715
5.77767
8.47425
9.22644
9.70646
7.71903
8.23809
-9.66604
-7.78736
8.74127
9.70543
1.81273
-1.12527
5.09307
6.26104
-1.97511
5.24329
-9.23730
6.82887
9.18449
-6.84316
-2.25799
3.73928
-2.04508
-8.98533
4.49781
7.03438
-6.28606
-8.96872
8.50324
9.45148
1.29445
2.95543
9.55500
1.89419
5.90019
1.54495
-2.70828
9.54110
-1.82506
-6.77534
1.45521
-3.19212
-8.08280
-1.61749
-6.27745
-3.95704
-8.09779
-3.49547
9.88775
-8.18662
-6.94952
2.18623
-8.10986
-6.29968
-2.56822
2.14083
-5.73477
5.28621
-5.61914
-5.06805
-9.50874
7.54519
-5.12238
1.54743
8.62569
7.17488
7.41161
-1.66142
-3.89901
1.59114
6.61886
4.42814
5.08344
-1.89261
-8.67513
-4.87063
4.72432
-4.58857
3.81294
6.98597
9.58233
-1.60420
-1.83907
7.70130
-8.30592
6.27819
7.03012
4.18238
-8.81283
9.71559
-4.16482
2.39257
-3.01820
4.15103
2.03397
6.16690
-8.60640
6.48095
1.26058
7.32429
9.29384
-1.05495
6.09689
-1.62627
-1.82582
4.38575
4.06806
3.80474
-7.99152
-8.95008
-2.41669
7.06572
4.98802
5.37096
-4.72765
-7.79449
-4.10656
3.54922
5.74241
1.40876
-9.86001
1.06918
-9.50792
7.87745
-3.95310
5.47647
2.58125
-5.79324
5.50236
-1.64868
4.92598
9.29046
6.18183
7.38549
3.60564
1.18771
2.54686
8.48823
-1.79317
3.18985
5.71566
8.83472
-2.99415
-1.68741
-5.77544
9.15330
-4.15990
-3.12642
-3.30371
-6.42159
2.59432
5.17558
7.13020
8.77822
-2.35862
5.22029
-8.16697
-4.16748
3.79367
1.33847
-8.48527
-6.80200
6.53508
-5.16440
-5.04760
3.89374
-5.51231
5.05471
-9.84147
-5.54094
1.35228
-9.91887
4.27508
4.48675
-7.11008
8.10304
-1.59321
6.02167
-3.55732
-4.00026
9.25072
9.70927
-2.16056
3.78624
6.79144
-8.31866
6.81422
-5.57640
-4.26338
9.56052
9.52901
-2.72805
2.39451
-8.59986
-5.56921
-6.95736
-6.37522
-2.46022
-7.49065
-4.69773
9.72630
7.77152
-3.10603
3.78521
-9.13577
4.31057
5.15512
8.00312
-9.69641
-8.21133
-8.85702
6.77061
-5.99087
-7.40261
-3.56557
-3.45512
-8.47942
-9.51772
8.35033
9.37425
1.47931
-3.12200
-4.37421
-3.86816
8.55259
-8.12243
1.34473
-7.26465
7.82957
-5.03741
-9.15272
-3.30332
5.93924
2.00068
-3.13876
1.42975
6.75057
1.56526
-6.37065
-6.68759
7.46690
4.86315
3.16508
-2.68583
5.71136
-1.60911
4.51408
1.39181
9.82935
7.72585
8.09668
-3.17013
7.94351
2.20069
-5.91412
8.47345
9.82737
-6.68562
1.56790
-1.33285
-1.39426
8.97211
9.40034
9.90210
-3.27982
-3.57500
8.79218
3.45895
4.93256
7.68977
-4.05133
5.46583
4.30612
8.21033
-1.71034
5.90927
1.92338
6.94827
5.01324
2.49980
-4.16392
7.54133
6.53366
-3.47100
1.67537
-4.26980
-9.57510
8.63802
-1.31319
3.12396
-4.25936
6.44585
9.53941
-4.99545
6.16530
4.58231
-3.24650
-1.23322
5.49140
-9.22188
3.35599
-7.33634
9.96729
7.24583
-2.80161
8.67544
2.55391
9.97536
-7.01056
5.94997
-9.02199
-7.40628
-8.14327
-2.09226
-8.12859
-8.11336
4.24807
-5.20665
-6.50754
1.59173
9.99636
5.73126
-8.41005
2.12794
6.78105
5.19250
-2.15501
-7.91003
-4.89356
-8.48252
-3.73712
-3.90395
4.11421
8.61340
2.76672
2.12653
-6.52985
-5.52316
-6.32628
2.54081
-8.58277
-8.42713
1.73101
6.86017
-6.56298
5.48234
6.77717
5.34650
-3.67690
-7.19752
4.95645
5.17998
6.45994
8.75337
7.60780
-9.77837
-7.84598
3.87204
2.10270
-3.23127
1.45545
8.77747
-3.23443
8.32130
-2.70851
5.48439
5.48884
-5.47633
9.50710
-9.70018
-6.25010
1.45486
6.37767
-3.57174
8.62455
2.20541
7.54757
4.29344
-1.46042
4.26271
1.66179
7.87964
-8.42780
-2.15797
4.54513
6.02049
-7.79469
6.42217
-5.50070
1.35023
8.23569
-2.34047
3.95169
2.46252
6.34352
7.37866
-5.27403
-4.31522
9.81908
-8.17079
6.37219
-9.70364
7.49260
2.53461
-2.32998
-1.28413
2.71706
-3.82323
-4.71664
4.69340
-8.85536
-7.35198
6.04798
5.72929
9.61017
9.20912
5.91646
-6.49069
9.61604
-6.02278
9.47337
-7.94057
7.21216
3.85337
6.04439
3.59010
9.06184
-8.36540
3.61407
-9.59782
4.11727
6.90375
2.92588
9.39722
-2.23546
-3.18212
-6.74150
1.90178
-7.45622
-7.13073
-1.04663
4.66217
-5.29704
7.80320
-3.89051
-9.17143
-6.87069
-5.81637
-9.21907
-4.76096
-9.40530
9.97455
-8.09165
9.42948
-8.89069
-3.68553
9.35609
3.56105
-9.00334
8.65954
-3.45553
3.97616
-6.83457
1.12676
-8.11691
2.57945
8.44291
-1.78064
-2.66303
-5.29709
1.06147
3.11969
9.58631
-6.24215
3.35398
-7.23492
7.01008
3.76126
7.17466
7.21261
-4.30790
-2.97216
5.30364
7.72961
4.74261
-7.81615
-7.85674
5.72956
-1.70292
-1.55582
-6.15432
2.48083
-2.04616
7.45226
1.81847
8.27823
2.18750
-5.11119
6.02917
7.50952
-3.29011
-7.71224
1.40761
-7.30346
-9.41125
9.87524
1.28561
-2.61983
7.89245
4.37015
5.03683
-4.38081
6.88181
2.06770
-5.75958
-8.51339
9.80642
7.06150
-5.78740
3.22761
-2.39609
-9.43669
1.28996
-6.53431
-3.16600
-1.90807
-5.01797
-3.20261
-4.62039
-5.85784
2.26122
3.10745
6.19727
-3.13214
-9.87126
4.72204
-1.54862
6.63394
-6.00266
9.75061
8.07224
7.26678
2.34296
2.65491
-3.16871
-3.70663
-8.25199
6.06147
-6.01558
4.49577
-2.83003
9.30003
-1.83218
1.46383
-7.06305
-8.86258
-8.24186
5.31455
-3.72869
-2.90627
-9.65870
7.72191
-9.22997
-4.56969
5.96871
4.42596
3.77580
5.61535
5.19404
7.85466
9.22897
-3.81630
-6.06272
-7.67127
3.34697
-3.65673
3.96879
-6.12811
5.49371
3.31594
9.69857
5.14746
2.52339
-2.65643
-5.71550
-9.50669
7.87905
-2.23742
-1.61171
1.08227
4.35881
-6.93356
1.05951
1.10666
5.82164
1.15428
-8.25551
-1.96315
-5.71947
2.72739
8.33693
-8.15443
4.35746
-5.13098
-9.91210
-3.69977
-6.88362
1.84150
4.39453
-1.50503
-7.32561
5.49873
6.80417
-6.09271
-9.05312
3.06790
-3.43986
7.15986
-9.09380
2.61419
-1.14092
6.28332
9.35987
-2.46205
6.10026
7.09331
-4.45462
-8.11448
5.50714
1.48327
-3.08930
4.06533
9.72028
1.26663
8.05193
5.41543
5.97734
4.88663
1.77125
-8.18250
-1.73834
-4.42000
7.65690
-4.24630
1.04676
5.00262
-1.92008
2.68653
6.01287
-1.92964
-4.18523
6.37232
-8.77346
3.62663
-8.01252
-6.14764
-7.16784
2.24956
-3.41566
1.56940
3.48366
-5.35808
-4.25012
7.48810
-6.34426
-5.12075
3.74192
3.98995
8.23669
4.96201
-8.33928
-3.70392
-5.31109
9.68117
3.62303
-9.70987
3.93298
8.34845
-4.28514
-6.33004
-7.13541
9.57704
-9.48677
4.94609
-8.48154
8.37069
-7.05680
-6.70002
-3.27414
7.43713
1.66569
6.24020
5.89281
-7.31471
-1.98432
6.91841
-2.49705
6.06898
9.70130
9.69145
-1.95350
-3.32865
5.01201
-5.16757
-4.10471
5.34494
-4.74378
-2.04462
4.13496
-5.09799
5.69003
5.28546
7.49795
3.87019
-1.40215
1.20327
-6.83173
-9.36930
-5.64395
3.97891
-9.62616
-8.17980
2.67748
-4.56024
5.04618
-4.49952
-2.85206
-6.19613
-4.29214
5.11795
7.03631
5.74944
6.37274
6.28304
4.16786
6.55626
-9.26814
7.04899
2.06075
2.05254
7.24093
-4.76415
6.17325
-2.67178
5.99421
-3.59951
3.83122
6.57469
9.56658
2.22881
9.67446
4.68221
4.74067
-5.39830
-6.08858
3.62881
3.02359
2.51388
6.09085
-5.94754
6.15443
7.97602
-5.87839
7.84004
5.91718
-1.92175
-3.67938
5.04759
-8.75980
-4.95163
-7.98068
2.88890
8.74944
-2.49383
-8.06364
8.24896
-5.79053
3.91288
3.60400
-9.57158
2.22030
9.26892
-8.80343
-7.31284
3.24710
8.45634
5.40513
6.65032
-5.06793
4.62566
7.25233
5.09226
-3.94560
-8.82017
7.57839
6.71356
8.65096
2.96047
8.42363
3.41683
-4.03980
6.09528
-8.09473
1.41349
-1.14653
-4.97157
9.92654
-2.82086
8.93933
2.43080
1.84006
3.25350
-6.98058
1.46609
-7.53390
-4.86308
-7.33328
-2.92079
-2.19430
5.67500
1.08358
8.35398
7.24628
1.63745
-1.80398
1.92881
-8.92890
-4.44449
-6.77419
-1.61570
-6.49287
-4.96089
-6.65272
9.27905
-8.73966
-9.06934
7.77201
4.16382
-3.83053
-3.23008
3.23350
-8.01073
8.63103
-2.84901
7.73059
-6.81553
-5.45399
-3.16974
-5.75458
9.88194
2.18785
-4.28871
-7.86453
-1.15020
-1.12414
-1.35844
9.53812
5.55950
4.81218
-1.74185
3.49721
-1.71119
-9.76882
5.82751
-6.27793
3.79153
-7.56963
-1.52115
-9.32165
-5.08035
-3.78361
-2.07499
-7.31350
5.46772
5.70705
-2.50267
7.74799
-7.59642
-7.94287
4.01510
-3.44783
-3.36655
5.46533
-1.49895
4.30919
-7.95996
-3.05564
-1.39634
3.20096
-4.27579
-2.61065
5.97578
-3.02064
4.74631
-3.44132
-6.14382
-5.51837
-2.61410
-9.58671
8.89292
7.96175
3.94571
-1.07172
3.62436
-7.65618
5.17534
-9.98008
-7.59217
2.35510
1.21519
-6.72348
-9.55891
7.83036
8.64105
-1.93554
-4.77834
-9.75303
-7.40487
-1.39510
9.07559
7.30762
-5.12612
-6.22694
6.73494
-1.67347
-4.91485
3.13095
8.65822
7.30653
3.86252
-3.10250
-2.22501
-2.39869
5.04610
4.65861
-9.68171
5.06725
-3.38507
1.81379
-8.43748
2.93519
-2.33491
9.71560
5.62114
-3.34150
1.27974
-8.69141
-1.85253
-8.23507
-2.09308
-8.47335
2.17644
-4.35016
6.24091
-9.25686
-1.19620
2.77975
-8.28369
9.14570
2.10275
1.45574
8.39517
5.46514
-7.14892
-4.18549
3.47484
-8.95081
-6.52696
6.82551
4.70793
1.54881
4.44714
-2.79512
-6.67679
9.90463
5.31716
4.09631
-4.49543
-1.23457
1.26373
1.52732
-5.76489
-9.76582
-3.23071
-3.39874
-7.87645
6.18123
-4.19324
2.58490
8.25589
-9.22582
7.33108
-9.52803
-6.06798
8.53027
-5.87912
-5.41393
-1.50551
1.17935
-1.00615
8.25801
7.45244
-1.53600
-6.27948
7.96930
9.64503
7.34084
6.27415
-3.71589
9.78275
8.12658
-6.84262
7.36465
-3.00913
4.40546
-2.14614
9.53909
-8.65681
2.63874
-9.28934
-6.75682
-9.43019
-3.98052
3.14196
-2.51099
8.39496
5.01967
-2.88716
-4.15433
-7.48372
4.47343
9.72192
5.43774
4.16108
1.91286
-8.09857
-2.46391
-8.19275
3.65418
-3.35015
-1.66780
-8.99138
-7.58787
4.04156
7.34054
-9.48198
6.46586
-2.41393
-3.97985
4.68352
6.94538
-3.13793
4.53612
2.38231
-1.03434
3.65095
-2.79707
2.86258
9.79352
8.59392
8.06389
5.40187
1.82023
2.66393
4.32461
1.40155
-5.18552
-8.53371
-2.36018
1.77137
8.27362
-9.73635
5.98242
8.36565
9.69065
-6.15443
-5.28636
-4.55324
-5.51891
2.08254
-2.55591
-9.74948
2.13567
1.70532
-2.81727
8.50697
-3.87775
1.78325
5.96849
-5.67719
8.07896
-2.01267
-2.33380
-9.32435
8.07171
8.90104
4.44739
6.14821
1.33719
4.62677
1.34904
-7.21462
7.71175
-9.07328
4.04079
3.79854
-8.72411
-9.75247
2.20947
7.96628
3.42478
-6.44481
-2.69142
9.22090
7.66850
-8.38916
1.59055
-2.22085
-2.56364
-8.53279
-1.29764
-9.26228
3.46580
-5.54614
-7.13057
4.35220
2.59825
6.28192
4.09824
-7.74065
3.56562
-1.44686
-8.71400
7.09926
-6.86429
-8.78167
-5.26687
-6.82634
3.01393
7.41466
4.81426
8.66428
3.26799
3.71931
-6.26038
5.60362
6.05311
-3.68628
5.33565
9.89525
8.75342
6.90508
-2.69524
9.09718
-6.94477
7.49155
9.97722
9.16220
-4.49447
-6.24721
-4.08850
7.17686
9.15874
-5.56583
-8.56575
3.64406
2.15150
-7.52668
9.52231
-6.88991
4.19755
4.78425
4.34514
-5.17385
-5.23483
-5.24998
5.50430
5.76855
-1.48656
-2.23629
4.08403
-2.28902
8.01047
-3.99367
-3.82073
1.04242
-2.88444
-6.18651
-5.40619
2.16465
6.70139
4.86123
-4.44985
5.80404
9.55062
-7.81163
-1.16125
-6.64018
3.03639
-3.80883
4.45195
-2.50318
3.68382
5.10334
-4.90299
4.08460
-4.23326
2.48395
-1.17212
-7.54452
-2.90071
-6.30724
-2.10846
4.37673
-7.94125
-6.34532
-6.95773
-1.43412
4.75098
2.11236
-5.26957
-2.84945
-3.71005
6.96235
-6.60518
-4.76943
-5.60426
-3.54436
-5.47965
-8.00163
4.22130
-3.65816
-5.93325
7.19384
-3.97543
-1.11474
9.16192
-2.34230
-8.01574
-7.51207
-9.14301
5.11076
-3.37713
-1.89828
8.86726
4.24193
-4.83396
-1.85499
-1.08705
-6.97020
3.95795
9.59580
-8.90628
4.35360
2.64582
4.60225
3.44650
7.20912
-8.19909
-2.01751
-9.83412
1.93342
8.22038
2.63135
-8.01248
-8.76318
5.34772
2.01644
-4.96619
3.35452
-1.11124
9.80106
-5.67190
-4.89563
5.33737
-2.33789
-1.10480
5.55011
-8.66684
1.67379
3.88570
-9.73131
5.56236
-4.62949
1.70948
8.21135
1.79218
-5.02361
-9.82604
1.92379
-1.32249
8.43318
-9.01100
6.89136
9.55320
-8.42780
8.59886
6.04136
7.44992
-7.44322
-1.87693
1.01977
8.46895
5.92922
-7.31886
9.07189
2.26404
-1.96265
2.68789
-2.94031
-7.45109
-7.81434
-9.33964
7.94931
-5.11649
-9.67469
-5.77328
5.97904
8.54934
-9.31934
-7.22636
-7.57445
1.93199
5.53699
-4.76798
3.46236
9.73442
-8.24317
4.71471
8.58767
-7.40687
2.80800
-7.17950
-9.83202
5.53504
7.39317
6.06052
7.06819
8.89730
-8.27474
-1.22745
-1.47758
-2.79912
9.85179
-2.31786
7.21535
-2.83601
4.22814
-1.92232
7.68171
3.13836
-7.23642
9.33836
4.74910
-9.69250
1.11669
2.82779
8.46985
-7.79597
-7.98532
-3.64760
-9.85108
-2.68279
-7.61572
4.39478
3.51201
2.17060
1.05081
-7.38720
1.35947
6.37192
5.41496
1.65593
-5.72856
-5.68546
4.74338
-1.82751
8.95057
3.97960
2.96601
-9.96968
2.03250
-5.01101
9.63007
-4.43235
4.47288
1.22235
5.62878
5.38124
-9.08453
-3.88281
-9.53391
-9.74466
-6.64240
-7.03302
8.78456
-8.52099
5.83979
-6.81905
-7.72202
1.21378
-1.34098
1.48841
-6.02276
9.19888
4.49229
-4.89723
-4.50552
-5.81351
-7.80365
-7.30794
-4.21930
3.60853
6.45909
7.88747
-4.43272
-5.26589
2.22743
8.17093
-9.64121
3.68251
-9.61652
-5.98172
-2.10912
6.15447
-5.83437
3.74222
-2.90563
-2.44859
6.55196
-2.74894
-7.03880
8.66249
-6.80207
-3.61587
-3.25619
7.53030
9.56386
-2.15394
-1.90041
9.10107
5.37275
6.54708
-7.24112
6.08997
8.26930
2.51776
-3.21558
7.40979
3.49012
2.20875
8.90097
5.00822
-5.38274
-2.58193
-8.57614
-9.02167
-3.36911
-7.54683
-8.64629
8.31378
-7.92280
9.15673
5.89122
-6.88517
-4.29237
9.02294
-2.20493
-4.57107
-6.96411
-7.81485
-5.01598
-6.09722
7.62328
-9.45258
2.96937
3.08575
-4.32492
7.01727
4.49284
-8.93397
9.82531
1.92903
8.51385
-6.20768
4.38994
-4.28767
5.64997
-9.75407
5.64735
8.35513
5.38175
-8.98455
-5.51653
-4.95909
1.69379
-2.90365
-2.41622
6.94999
-8.30055
5.33365
-5.31119
6.82533
-1.20201
-2.15097
-2.21252
-9.01718
1.50321
9.30202
-6.39422
8.90658
-9.52528
5.04283
-8.80572
2.97427
-6.40755
6.60891
2.50950
-9.30117
3.06832
-2.18992
2.82114
-8.43863
-2.59680
-8.89977
-1.83871
-9.11786
9.07272
5.69840
8.87342
3.06538
8.10600
-4.15466
4.82940
-5.29427
-9.19077
3.54940
-3.32024
-7.38234
-6.20188
5.67786
6.89092
-4.67961
2.39301
3.35173
6.08203
9.92619
7.79475
5.96894
2.60848
3.28400
6.19886
-7.62204
7.73033
-8.04798
1.90251
-8.07473
-2.44664
-8.23932
5.24502
1.79327
-2.99593
6.48126
9.37616
6.52569
-7.40445
-9.51144
6.76262
1.09639
-2.75272
-6.53671
-4.23766
-9.78081
9.97135
4.17815
-4.64906
-5.65968
9.27260
7.53525
4.12728
-3.03666
5.09283
6.17416
-2.57531
6.02768
-4.05969
8.22648
8.88502
7.24773
-6.06852
7.81726
-7.13435
5.33773
-1.60799
-7.09222
8.20145
-9.59901
7.30737
-3.23432
4.59038
-1.68426
5.28900
2.96710
-2.64506
-5.49099
-3.11375
-8.85468
-3.06287
8.52701
-2.40396
-2.07891
7.08231
-6.52444
8.63210
6.58601
9.08309
5.41725
-4.58092
1.48733
-5.30488
5.52228
-8.74360
-5.11476
7.28420
-3.84086
-1.10638
-4.41485
3.92893
2.68437
3.13425
9.62674
4.29332
4.81549
7.30641
4.28570
-3.51667
-6.14269
8.32772
8.23679
-8.70678
-2.31259