-7.82927
7.28325
-3.50084
9.61492
1.91989
1.87045
-6.43353
-7.56759
9.75804
1.70920
8.46464
-6.19617
-1.41242
-7.95762
-8.69786
4.42114
6.72116
2.46389
2.88556
-7.31638
-6.48218
-5.80726
2.47062
-3.42953
-7.16153
-3.06143
8.24541
-3.40967
9.21823
2.91364
4.56069
-2.28584
3.21965
7.72312
9.08041
-4.25797
-5.58574
-7.80204
-2.37557
8.12871
6.36768
4.43457
-5.76203
-7.12255
7.13539
7.91739
2.00397
-2.42342
9.58434
-9.74699
-5.56914
8.83467
-8.57502
-2.37555
-5.85441
6.39050
1.17529
8.90850
-3.15507
-8.90209
1.77088
-8.34421
2.15552
-9.52164
3.38551
-9.67927
7.41654
9.95634
4.94290
-2.08904
-1.57623
-6.29478
-6.29596
-1.63894
-3.06048
-8.73672
5.62741
-7.02080
5.85311
3.18698
-8.26747
1.84893
4.18868
-5.20322
-7.06028
1.54551
-8.20533
-3.23791
-5.82657
4.79693
-5.16365
-4.98818
-1.45529
-9.72097
2.49680
5.33223
-9.12199
4.41076
3.38683
3.56724